0,0,0,0,0,0,0,0,0,0,0,0,0,0,0,0,0,0,0,0,0,0,0,0,0,0,0,0,0,0,0,0,0,0,0,0,0,0,0,0,0,0,0,0,0,0,0,0,0,0,0,0,0,0,0,0,0,0,0,0,0,0,0,0,0,0,0,0,0,0,0,0,0,0,0,0,0,0,0,0,0,0,0,0,0,0,0,0,0,0,0,0,0,0,0,0,0,0,0,0,0,0,0,0,0,0,0,0,0,0,0,0,0,0,0,0,0,0,0,0,0,0,0,0,0,0,0,0,0,0,0,0,0,0,0,0,0,0,0,0,0,0,0,0,0,0,0,0,0,0,0,0,0,0,0,0,0,0,0,0,0,0,0,0,0,0,0,0,0
0,0,0,0,0,0,0,3.11938,2.03776,-2.60351,1.46513e-05,7.32567e-06,4.76932e-06,0.00216457,0.00141402,-0.0018066,0,0,0,0,0,0,0,0,0,0,0,0,0,0,0,0,0,0,0,0,0,0,0,0,0,0,0,0,0,0,0,0,0,0,0,0,0,0,0,0,1.74888,1.19813,0.0372215,9.76756e-05,-1.34304e-05,6.4423e-05,0.00121356,0.000831389,2.58283e-05,0,0,0,0,0,0,0,0,0,0,0,0,0,0,0,0,0,0,0,0,0,0,0,0,0,0,0,0,0,0,0,0,0,0,0,0,0,0,0,0,0,0,0,0,0,0,0,0,0,0,0,0,2,0,0,0,0,0,1.7688,1.1736,0.0373,0,0,0,0,0,0,0,-0,0,1.60725,0,0,0,0,0,0,0,0,0,0,0,0,0,0,0,0,0,0,0,0,0,0,0,0,0,0,0,0,0,0,0,0,0
0,0,0,0,0,0,0,3.11938,2.03775,-2.60351,-3.90573e-05,-9.03199e-05,-3.09903e-05,-0.519548,-0.339658,0.433373,0,0,0,0,0,0,0,0,0,0,0,0,0,0,0,0,0,0,0,0,0,0,0,0,0,0,0,0,0,0,0,0,0,0,0,0,0,0,0,0,1.74887,1.19812,0.0372045,-0.000117172,-6.1027e-06,-0.000170335,-0.291665,-0.199518,-0.00687819,0,0,0,0,0,0,0,0,0,0,0,0,0,0,0,0,0,0,0,0,0,0,0,0,0,0,0,0,0,0,0,0,0,0,0,0,0,0,0,0,0,0,0,0,0,0,0,0,0,0,0,0,2,0,0,0,0,0,1.7688,1.1736,0.0373,0,0,0,0,0,0,0,-0,0,1.60726,0,0,0,0,0,0,0,0,0,0,0,0,0,0,0,0,0,0,0,0,0,0,0,0,0,0,0,0,0,0,0,0,0
0.05,0,0,0,0,0,0,3.11938,2.03777,-2.60349,-3.90541e-05,0.000173303,0.000202612,-0.191156,-0.124012,0.16029,0,0,0,0,0,0,0,0,0,0,0,0,0,0,0,0,0,0,0,0,0,0,0,0,0,0,0,0,0,0,0,0,0,0,0,0,0,0,0,0,1.74887,1.19813,0.0372176,6.1022e-06,5.36994e-05,0.000130581,-0.106959,-0.0731562,-0.00157786,0,0,0,0,0,0,0,0,0,0,0,0,0,0,0,0,0,0,0,0,0,0,0,0,0,0,0,0,0,0,0,0,0,0,0,0,0,0,0,0,0,0,0,0,0,0,0,0,0,0,0,0,2,0,0,0,0,0,1.7688,1.1736,0.0373,0,0,0,0,0,0,0,-0,0,1.60726,0,0,0,0,0,0,0,0,0,0,0,0,0,0,0,0,0,0,0,0,0,0,0,0,0,0,0,0,0,0,0,0,0
0.1,0,0,0,0,0,0,3.11938,2.03777,-2.60347,1.46534e-05,-3.17491e-05,0.000236115,-0.0701302,-0.0461028,0.0594288,0,0,0,0,0,0,0,0,0,0,0,0,0,0,0,0,0,0,0,0,0,0,0,0,0,0,0,0,0,0,0,0,0,0,0,0,0,0,0,0,1.74887,1.19813,0.0371944,9.76896e-06,1.22112e-06,-0.000231494,-0.0392163,-0.0270383,-0.00167704,0,0,0,0,0,0,0,0,0,0,0,0,0,0,0,0,0,0,0,0,0,0,0,0,0,0,0,0,0,0,0,0,0,0,0,0,0,0,0,0,0,0,0,0,0,0,0,0,0,0,0,0,2,0,0,0,0,0,1.7688,1.1736,0.0373,0,0,0,0,0,0,0,-0,0,1.60726,0,0,0,0,0,0,0,0,0,0,0,0,0,0,0,0,0,0,0,0,0,0,0,0,0,0,0,0,0,0,0,0,0
0.15,0,0,0,0,0,0,3.11938,2.03776,-2.60349,6.59217e-05,-2.6857e-05,-0.000236048,-0.0255292,-0.0171214,0.0201505,0,0,0,0,0,0,0,0,0,0,0,0,0,0,0,0,0,0,0,0,0,0,0,0,0,0,0,0,0,0,0,0,0,0,0,0,0,0,0,0,1.74887,1.19813,0.0371994,1.46493e-05,2.31947e-05,5.01826e-05,-0.0143619,-0.00990726,0.000104836,0,0,0,0,0,0,0,0,0,0,0,0,0,0,0,0,0,0,0,0,0,0,0,0,0,0,0,0,0,0,0,0,0,0,0,0,0,0,0,0,0,0,0,0,0,0,0,0,0,0,0,0,2,0,0,0,0,0,1.3106,0.0139,2.5963,0,0,0,0,0,0,0,-0,0,1.60726,0,0,0,0,0,0,0,0,0,0,0,0,0,0,0,0,0,0,0,0,0,0,0,0,0,0,0,0,0,0,0,0,0
0.2,0,0,0,0,0,0,3.11937,2.03775,-2.6035,-9.27884e-05,-9.7672e-05,-7.39217e-05,-0.0099252,-0.00664007,0.00742972,0,0,0,0,0,0,0,0,0,0,0,0,0,0,0,0,0,0,0,0,0,0,0,0,0,0,0,0,0,0,0,0,0,0,0,0,0,0,0,0,1.74887,1.19814,0.037228,-4.51732e-05,3.05224e-05,0.000285402,-0.00549788,-0.0036004,0.00124407,0,0,0,0,0,0,0,0,0,0,0,0,0,0,0,0,0,0,0,0,0,0,0,0,0,0,0,0,0,0,0,0,0,0,0,0,0,0,0,0,0,0,0,0,0,0,0,0,0,0,0,0,2,0,0,0,0,0,1.3106,0.0139,2.5963,0,0,0,0,0,0,0,-0,0,1.60725,0,0,0,0,0,0,0,0,0,0,0,0,0,0,0,0,0,0,0,0,0,0,0,0,0,0,0,0,0,0,0,0,0
0.25,0,0,0,0,0,0,3.11937,2.03775,-2.6035,-9.27884e-05,-9.7672e-05,-7.39217e-05,-0.0099252,-0.00664007,0.00742972,0,0,0,0,0,0,0,0,0,0,0,0,0,0,0,0,0,0,0,0,0,0,0,0,0,0,0,0,0,0,0,0,0,0,0,0,0,0,0,0,1.74887,1.19814,0.037228,-4.51732e-05,3.05224e-05,0.000285402,-0.00549788,-0.0036004,0.00124407,0,0,0,0,0,0,0,0,0,0,0,0,0,0,0,0,0,0,0,0,0,0,0,0,0,0,0,0,0,0,0,0,0,0,0,0,0,0,0,0,0,0,0,0,0,0,0,0,0,0,0,0,2,0,0,0,0,0,1.3106,0.0139,2.5963,0,0,0,0,0,0,0,-0,0,1.60725,0,0,0,0,0,0,0,0,0,0,0,0,0,0,0,0,0,0,0,0,0,0,0,0,0,0,0,0,0,0,0,0,0
0.3,0,0,0,0,0,0,3.11938,2.03776,-2.60351,6.10359e-05,8.30089e-05,-9.53687e-05,-0.00323296,-0.00184645,0.00265369,0,0,0,0,0,0,0,0,0,0,0,0,0,0,0,0,0,0,0,0,0,0,0,0,0,0,0,0,0,0,0,0,0,0,0,0,0,0,0,0,1.74888,1.19814,0.0373065,0.000158694,4.51667e-05,0.000785638,-0.00128687,-0.00124969,0.00290013,0,0,0,0,0,0,0,0,0,0,0,0,0,0,0,0,0,0,0,0,0,0,0,0,0,0,0,0,0,0,0,0,0,0,0,0,0,0,0,0,0,0,0,0,0,0,0,0,0,0,0,0,2,0,0,0,0,0,1.3106,0.0139,2.5963,0,0,0,0,0,0,0,-0,0,1.60724,0,0,0,0,0,0,0,0,0,0,0,0,0,0,0,0,0,0,0,0,0,0,0,0,0,0,0,0,0,0,0,0,0
0.35,0,0,0,0,0,0,3.11938,2.03776,-2.60351,6.10359e-05,8.30089e-05,-9.53687e-05,-0.00323296,-0.00184645,0.00265369,0,0,0,0,0,0,0,0,0,0,0,0,0,0,0,0,0,0,0,0,0,0,0,0,0,0,0,0,0,0,0,0,0,0,0,0,0,0,0,0,1.74888,1.19814,0.0373065,0.000158694,4.51667e-05,0.000785638,-0.00128687,-0.00124969,0.00290013,0,0,0,0,0,0,0,0,0,0,0,0,0,0,0,0,0,0,0,0,0,0,0,0,0,0,0,0,0,0,0,0,0,0,0,0,0,0,0,0,0,0,0,0,0,0,0,0,0,0,0,0,2,0,0,0,0,0,1.4491,0.1524,2.7349,0,0,0,0,0,0,0,-0,0,1.60724,0,0,0,0,0,0,0,0,0,0,0,0,0,0,0,0,0,0,0,0,0,0,0,0,0,0,0,0,0,0,0,0,0
0.4,0,0,0,0,0,0,3.11938,2.03777,-2.60349,2.92987e-05,4.15065e-05,0.000247971,-0.00116217,-0.000625662,0.00231882,0,0,0,0,0,0,0,0,0,0,0,0,0,0,0,0,0,0,0,0,0,0,0,0,0,0,0,0,0,0,0,0,0,0,0,0,0,0,0,0,1.74887,1.19813,0.0371969,-0.000126961,-5.37143e-05,-0.00109601,-0.00134411,-0.000827289,-0.00555317,0,0,0,0,0,0,0,0,0,0,0,0,0,0,0,0,0,0,0,0,0,0,0,0,0,0,0,0,0,0,0,0,0,0,0,0,0,0,0,0,0,0,0,0,0,0,0,0,0,0,0,0,2,0,0,0,0,0,1.4491,0.1524,2.7349,0,0,0,0,0,0,0,-0,0,1.60726,0,0,0,0,0,0,0,0,0,0,0,0,0,0,0,0,0,0,0,0,0,0,0,0,0,0,0,0,0,0,0,0,0
0.45,0,0,0,0,0,0,3.11938,2.03777,-2.60349,2.92987e-05,4.15065e-05,0.000247971,-0.00116217,-0.000625662,0.00231882,0,0,0,0,0,0,0,0,0,0,0,0,0,0,0,0,0,0,0,0,0,0,0,0,0,0,0,0,0,0,0,0,0,0,0,0,0,0,0,0,1.74887,1.19813,0.0371969,-0.000126961,-5.37143e-05,-0.00109601,-0.00134411,-0.000827289,-0.00555317,0,0,0,0,0,0,0,0,0,0,0,0,0,0,0,0,0,0,0,0,0,0,0,0,0,0,0,0,0,0,0,0,0,0,0,0,0,0,0,0,0,0,0,0,0,0,0,0,0,0,0,0,2,0,0,0,0,0,1.4491,0.1524,2.7349,0,0,0,0,0,0,0,-0,0,1.60726,0,0,0,0,0,0,0,0,0,0,0,0,0,0,0,0,0,0,0,0,0,0,0,0,0,0,0,0,0,0,0,0,0
0.5,0,0,0,0,0,0,3.11938,2.03775,-2.6035,-3.41842e-05,-0.000181909,-9.06109e-05,-0.000671222,-0.00110315,-5.83817e-06,0,0,0,0,0,0,0,0,0,0,0,0,0,0,0,0,0,0,0,0,0,0,0,0,0,0,0,0,0,0,0,0,0,0,0,0,0,0,0,0,1.74887,1.19813,0.0372026,-2.19755e-05,-2.6859e-05,5.70417e-05,-0.000395338,-0.000332277,0.000128705,0,0,0,0,0,0,0,0,0,0,0,0,0,0,0,0,0,0,0,0,0,0,0,0,0,0,0,0,0,0,0,0,0,0,0,0,0,0,0,0,0,0,0,0,0,0,0,0,0,0,0,0,2,0,0,0,0,0,1.4491,0.1524,2.7349,0,0,0,0,0,0,0,-0,0,1.60725,0,0,0,0,0,0,0,0,0,0,0,0,0,0,0,0,0,0,0,0,0,0,0,0,0,0,0,0,0,0,0,0,0
0.55,0,0,0,0,0,0,3.11938,2.03775,-2.6035,-3.41842e-05,-0.000181909,-9.06109e-05,-0.000671222,-0.00110315,-5.83817e-06,0,0,0,0,0,0,0,0,0,0,0,0,0,0,0,0,0,0,0,0,0,0,0,0,0,0,0,0,0,0,0,0,0,0,0,0,0,0,0,0,1.74887,1.19813,0.0372026,-2.19755e-05,-2.6859e-05,5.70417e-05,-0.000395338,-0.000332277,0.000128705,0,0,0,0,0,0,0,0,0,0,0,0,0,0,0,0,0,0,0,0,0,0,0,0,0,0,0,0,0,0,0,0,0,0,0,0,0,0,0,0,0,0,0,0,0,0,0,0,0,0,0,0,2,0,0,0,0,0,1.355,0.0582,2.6407,0,0,0,0,0,0,0,-0,0,1.60725,0,0,0,0,0,0,0,0,0,0,0,0,0,0,0,0,0,0,0,0,0,0,0,0,0,0,0,0,0,0,0,0,0
0.6,0,0,0,0,0,0,3.11938,2.03777,-2.6035,-4.88304e-06,0.000230724,-7.86818e-05,-0.000219517,0.000921701,-0.000270512,0,0,0,0,0,0,0,0,0,0,0,0,0,0,0,0,0,0,0,0,0,0,0,0,0,0,0,0,0,0,0,0,0,0,0,0,0,0,0,0,1.74888,1.19814,0.0372154,7.0804e-05,8.05701e-05,0.00012715,0.000261754,0.000296736,0.0011265,0,0,0,0,0,0,0,0,0,0,0,0,0,0,0,0,0,0,0,0,0,0,0,0,0,0,0,0,0,0,0,0,0,0,0,0,0,0,0,0,0,0,0,0,0,0,0,0,0,0,0,0,2,0,0,0,0,0,1.355,0.0582,2.6407,0,0,0,0,0,0,0,-0,0,1.60725,0,0,0,0,0,0,0,0,0,0,0,0,0,0,0,0,0,0,0,0,0,0,0,0,0,0,0,0,0,0,0,0,0
0.65,0,0,0,0,0,0,3.11938,2.03777,-2.6035,-4.88304e-06,0.000230724,-7.86818e-05,-0.000219517,0.000921701,-0.000270512,0,0,0,0,0,0,0,0,0,0,0,0,0,0,0,0,0,0,0,0,0,0,0,0,0,0,0,0,0,0,0,0,0,0,0,0,0,0,0,0,1.74888,1.19814,0.0372154,7.0804e-05,8.05701e-05,0.00012715,0.000261754,0.000296736,0.0011265,0,0,0,0,0,0,0,0,0,0,0,0,0,0,0,0,0,0,0,0,0,0,0,0,0,0,0,0,0,0,0,0,0,0,0,0,0,0,0,0,0,0,0,0,0,0,0,0,0,0,0,0,2,0,0,0,0,0,1.355,0.0582,2.6407,0,0,0,0,0,0,0,-0,0,1.60725,0,0,0,0,0,0,0,0,0,0,0,0,0,0,0,0,0,0,0,0,0,0,0,0,0,0,0,0,0,0,0,0,0
0.7,0,0,0,0,0,0,3.11938,2.03778,-2.60349,1.46468e-05,6.10283e-05,0.000126348,7.37737e-06,0.000149449,0.000621008,0,0,0,0,0,0,0,0,0,0,0,0,0,0,0,0,0,0,0,0,0,0,0,0,0,0,0,0,0,0,0,0,0,0,0,0,0,0,0,0,1.74887,1.19814,0.037212,-4.39404e-05,-1.95291e-05,-3.39336e-05,-0.000212384,-0.00013666,0.000167788,0,0,0,0,0,0,0,0,0,0,0,0,0,0,0,0,0,0,0,0,0,0,0,0,0,0,0,0,0,0,0,0,0,0,0,0,0,0,0,0,0,0,0,0,0,0,0,0,0,0,0,0,2,0,0,0,0,0,1.355,0.0582,2.6407,0,0,0,0,0,0,0,-0,0,1.60726,0,0,0,0,0,0,0,0,0,0,0,0,0,0,0,0,0,0,0,0,0,0,0,0,0,0,0,0,0,0,0,0,0
0.75,0,0,0,0,0,0,3.11938,2.03778,-2.60349,1.46468e-05,6.10283e-05,0.000126348,7.37737e-06,0.000149449,0.000621008,0,0,0,0,0,0,0,0,0,0,0,0,0,0,0,0,0,0,0,0,0,0,0,0,0,0,0,0,0,0,0,0,0,0,0,0,0,0,0,0,1.74887,1.19814,0.037212,-4.39404e-05,-1.95291e-05,-3.39336e-05,-0.000212384,-0.00013666,0.000167788,0,0,0,0,0,0,0,0,0,0,0,0,0,0,0,0,0,0,0,0,0,0,0,0,0,0,0,0,0,0,0,0,0,0,0,0,0,0,0,0,0,0,0,0,0,0,0,0,0,0,0,0,2,0,0,0,0,0,1.4248,0.128,2.7105,0,0,0,0,0,0,0,-0,0,1.60726,0,0,0,0,0,0,0,0,0,0,0,0,0,0,0,0,0,0,0,0,0,0,0,0,0,0,0,0,0,0,0,0,0
0.8,0,0,0,0,0,0,3.11938,2.03777,-2.60349,3.66354e-05,-9.5252e-05,-2.62363e-05,0.000122983,-0.000639255,-0.000116188,0,0,0,0,0,0,0,0,0,0,0,0,0,0,0,0,0,0,0,0,0,0,0,0,0,0,0,0,0,0,0,0,0,0,0,0,0,0,0,0,1.74885,1.19814,0.0373632,-0.000210043,2.19813e-05,0.00151284,-0.000855334,2.51494e-05,0.00615115,0,0,0,0,0,0,0,0,0,0,0,0,0,0,0,0,0,0,0,0,0,0,0,0,0,0,0,0,0,0,0,0,0,0,0,0,0,0,0,0,0,0,0,0,0,0,0,0,0,0,0,0,2,0,0,0,0,0,1.4248,0.128,2.7105,0,0,0,0,0,0,0,-0,0,1.60728,0,0,0,0,0,0,0,0,0,0,0,0,0,0,0,0,0,0,0,0,0,0,0,0,0,0,0,0,0,0,0,0,0
0.85,0,0,0,0,0,0,3.11938,2.03777,-2.60349,3.66354e-05,-9.5252e-05,-2.62363e-05,0.000122983,-0.000639255,-0.000116188,0,0,0,0,0,0,0,0,0,0,0,0,0,0,0,0,0,0,0,0,0,0,0,0,0,0,0,0,0,0,0,0,0,0,0,0,0,0,0,0,1.74885,1.19814,0.0373632,-0.000210043,2.19813e-05,0.00151284,-0.000855334,2.51494e-05,0.00615115,0,0,0,0,0,0,0,0,0,0,0,0,0,0,0,0,0,0,0,0,0,0,0,0,0,0,0,0,0,0,0,0,0,0,0,0,0,0,0,0,0,0,0,0,0,0,0,0,0,0,0,0,2,0,0,0,0,0,1.4248,0.128,2.7105,0,0,0,0,0,0,0,-0,0,1.60728,0,0,0,0,0,0,0,0,0,0,0,0,0,0,0,0,0,0,0,0,0,0,0,0,0,0,0,0,0,0,0,0,0
0.9,0,0,0,0,0,0,3.11938,2.03777,-2.60346,7.32601e-06,4.3956e-05,0.000283787,-2.7579e-05,6.55187e-05,0.00106917,0,0,0,0,0,0,0,0,0,0,0,0,0,0,0,0,0,0,0,0,0,0,0,0,0,0,0,0,0,0,0,0,0,0,0,0,0,0,0,0,1.74888,1.19813,0.0372391,0.000257631,-5.86081e-05,-0.00124131,0.00126781,-0.000284983,-0.00649956,0,0,0,0,0,0,0,0,0,0,0,0,0,0,0,0,0,0,0,0,0,0,0,0,0,0,0,0,0,0,0,0,0,0,0,0,0,0,0,0,0,0,0,0,0,0,0,0,0,0,0,0,2,0,0,0,0,0,1.4248,0.128,2.7105,0,0,0,0,0,0,0,-0,0,1.60726,0,0,0,0,0,0,0,0,0,0,0,0,0,0,0,0,0,0,0,0,0,0,0,0,0,0,0,0,0,0,0,0,0
0.95,0,0,0,0,0,0,3.11938,2.03777,-2.60346,7.32601e-06,4.3956e-05,0.000283787,-2.7579e-05,6.55187e-05,0.00106917,0,0,0,0,0,0,0,0,0,0,0,0,0,0,0,0,0,0,0,0,0,0,0,0,0,0,0,0,0,0,0,0,0,0,0,0,0,0,0,0,1.74888,1.19813,0.0372391,0.000257631,-5.86081e-05,-0.00124131,0.00126781,-0.000284983,-0.00649956,0,0,0,0,0,0,0,0,0,0,0,0,0,0,0,0,0,0,0,0,0,0,0,0,0,0,0,0,0,0,0,0,0,0,0,0,0,0,0,0,0,0,0,0,0,0,0,0,0,0,0,0,2,0,0,0,0,0,1.355,0.0582,2.6407,0,0,0,0,0,0,0,-0,0,1.60726,0,0,0,0,0,0,0,0,0,0,0,0,0,0,0,0,0,0,0,0,0,0,0,0,0,0,0,0,0,0,0,0,0
1,0,0,0,0,0,0,3.11938,2.03777,-2.60346,7.32601e-06,4.3956e-05,0.000283787,-2.7579e-05,6.55187e-05,0.00106917,0,0,0,0,0,0,0,0,0,0,0,0,0,0,0,0,0,0,0,0,0,0,0,0,0,0,0,0,0,0,0,0,0,0,0,0,0,0,0,0,1.74888,1.19813,0.0372391,0.000257631,-5.86081e-05,-0.00124131,0.00126781,-0.000284983,-0.00649956,0,0,0,0,0,0,0,0,0,0,0,0,0,0,0,0,0,0,0,0,0,0,0,0,0,0,0,0,0,0,0,0,0,0,0,0,0,0,0,0,0,0,0,0,0,0,0,0,0,0,0,0,2,0,0,0,0,0,1.355,0.0582,2.6407,0,0,0,0,0,0,0,-0,0,1.60726,0,0,0,0,0,0,0,0,0,0,0,0,0,0,0,0,0,0,0,0,0,0,0,0,0,0,0,0,0,0,0,0,0
1.05,0,0,0,0,0,0,3.11939,2.03777,-2.60354,9.76153e-06,-1.95231e-05,-0.000760236,-2.721e-05,-0.000118858,-0.00336929,0,0,0,0,0,0,0,0,0,0,0,0,0,0,0,0,0,0,0,0,0,0,0,0,0,0,0,0,0,0,0,0,0,0,0,0,0,0,0,0,1.74887,1.19813,0.0372037,-2.31836e-05,-9.76153e-06,-0.000353828,-7.32339e-05,-1.79566e-05,-0.00207008,0,0,0,0,0,0,0,0,0,0,0,0,0,0,0,0,0,0,0,0,0,0,0,0,0,0,0,0,0,0,0,0,0,0,0,0,0,0,0,0,0,0,0,0,0,0,0,0,0,0,0,0,2,0,0,0,0,0,1.355,0.0582,2.6407,0,0,0,0,0,0,0,-0,0,1.60726,0,0,0,0,0,0,0,0,0,0,0,0,0,0,0,0,0,0,0,0,0,0,0,0,0,0,0,0,0,0,0,0,0
1.1,0,0,0,0,0,0,3.11938,2.03778,-2.60346,-1.95333e-05,0.000104991,0.000794017,-0.000133356,0.000401229,0.00358772,0,0,0,0,0,0,0,0,0,0,0,0,0,0,0,0,0,0,0,0,0,0,0,0,0,0,0,0,0,0,0,0,0,0,0,0,0,0,0,0,1.74888,1.19814,0.0372015,5.85997e-05,9.03412e-05,-2.22423e-05,0.000101312,0.000425362,0.000682183,0,0,0,0,0,0,0,0,0,0,0,0,0,0,0,0,0,0,0,0,0,0,0,0,0,0,0,0,0,0,0,0,0,0,0,0,0,0,0,0,0,0,0,0,0,0,0,0,0,0,0,0,2,0,0,0,0,0,1.355,0.0582,2.6407,0,0,0,0,0,0,0,-0,0,1.60726,0,0,0,0,0,0,0,0,0,0,0,0,0,0,0,0,0,0,0,0,0,0,0,0,0,0,0,0,0,0,0,0,0
1.15,0,0,0,0,0,0,3.11938,2.03778,-2.60346,-1.95333e-05,0.000104991,0.000794017,-0.000133356,0.000401229,0.00358772,0,0,0,0,0,0,0,0,0,0,0,0,0,0,0,0,0,0,0,0,0,0,0,0,0,0,0,0,0,0,0,0,0,0,0,0,0,0,0,0,1.74888,1.19814,0.0372015,5.85997e-05,9.03412e-05,-2.22423e-05,0.000101312,0.000425362,0.000682183,0,0,0,0,0,0,0,0,0,0,0,0,0,0,0,0,0,0,0,0,0,0,0,0,0,0,0,0,0,0,0,0,0,0,0,0,0,0,0,0,0,0,0,0,0,0,0,0,0,0,0,0,2,0,0,0,0,0,1.2744,-0.0224,2.5601,0,0,0,0,0,0,0,-0,0,1.60726,0,0,0,0,0,0,0,0,0,0,0,0,0,0,0,0,0,0,0,0,0,0,0,0,0,0,0,0,0,0,0,0,0
1.2,0,0,0,0,0,0,3.11938,2.03778,-2.60346,-1.95333e-05,0.000104991,0.000794017,-0.000133356,0.000401229,0.00358772,0,0,0,0,0,0,0,0,0,0,0,0,0,0,0,0,0,0,0,0,0,0,0,0,0,0,0,0,0,0,0,0,0,0,0,0,0,0,0,0,1.74888,1.19814,0.0372015,5.85997e-05,9.03412e-05,-2.22423e-05,0.000101312,0.000425362,0.000682183,0,0,0,0,0,0,0,0,0,0,0,0,0,0,0,0,0,0,0,0,0,0,0,0,0,0,0,0,0,0,0,0,0,0,0,0,0,0,0,0,0,0,0,0,0,0,0,0,0,0,0,0,2,0,0,0,0,0,1.2744,-0.0224,2.5601,0,0,0,0,0,0,0,-0,0,1.60726,0,0,0,0,0,0,0,0,0,0,0,0,0,0,0,0,0,0,0,0,0,0,0,0,0,0,0,0,0,0,0,0,0
1.25,0,0,0,0,0,0,3.11938,2.03778,-2.60349,-4.88264e-05,-2.68545e-05,-0.00027894,-0.000211487,-0.000215503,-0.00119166,0,0,0,0,0,0,0,0,0,0,0,0,0,0,0,0,0,0,0,0,0,0,0,0,0,0,0,0,0,0,0,0,0,0,0,0,0,0,0,0,1.74887,1.19814,0.0371957,-7.07982e-05,-4.76057e-05,-5.78889e-05,-0.000432561,-0.00023579,0.000639361,0,0,0,0,0,0,0,0,0,0,0,0,0,0,0,0,0,0,0,0,0,0,0,0,0,0,0,0,0,0,0,0,0,0,0,0,0,0,0,0,0,0,0,0,0,0,0,0,0,0,0,0,2,0,0,0,0,0,1.2744,-0.0224,2.5601,0,0,0,0,0,0,0,-0,0,1.60726,0,0,0,0,0,0,0,0,0,0,0,0,0,0,0,0,0,0,0,0,0,0,0,0,0,0,0,0,0,0,0,0,0
1.3,0,0,0,0,0,0,3.11938,2.03778,-2.60349,-4.88264e-05,-2.68545e-05,-0.00027894,-0.000211487,-0.000215503,-0.00119166,0,0,0,0,0,0,0,0,0,0,0,0,0,0,0,0,0,0,0,0,0,0,0,0,0,0,0,0,0,0,0,0,0,0,0,0,0,0,0,0,1.74887,1.19814,0.0371957,-7.07982e-05,-4.76057e-05,-5.78889e-05,-0.000432561,-0.00023579,0.000639361,0,0,0,0,0,0,0,0,0,0,0,0,0,0,0,0,0,0,0,0,0,0,0,0,0,0,0,0,0,0,0,0,0,0,0,0,0,0,0,0,0,0,0,0,0,0,0,0,0,0,0,0,2,0,0,0,0,0,1.2744,-0.0224,2.5601,0,0,0,0,0,0,0,-0,0,1.60726,0,0,0,0,0,0,0,0,0,0,0,0,0,0,0,0,0,0,0,0,0,0,0,0,0,0,0,0,0,0,0,0,0
1.35,0,0,0,0,0,0,3.11938,2.03778,-2.60348,2.93137e-05,-2.44281e-06,0.000138362,0.000174666,-0.000115343,0.000304949,0,0,0,0,0,0,0,0,0,0,0,0,0,0,0,0,0,0,0,0,0,0,0,0,0,0,0,0,0,0,0,0,0,0,0,0,0,0,0,0,1.74888,1.19814,0.0372243,4.27493e-05,5.9849e-05,0.000286715,0.000121696,0.00019827,0.00175505,0,0,0,0,0,0,0,0,0,0,0,0,0,0,0,0,0,0,0,0,0,0,0,0,0,0,0,0,0,0,0,0,0,0,0,0,0,0,0,0,0,0,0,0,0,0,0,0,0,0,0,0,2,0,0,0,0,0,1.3427,0.046,2.6285,0,0,0,0,0,0,0,-0,0,1.60725,0,0,0,0,0,0,0,0,0,0,0,0,0,0,0,0,0,0,0,0,0,0,0,0,0,0,0,0,0,0,0,0,0
1.4,0,0,0,0,0,0,3.11938,2.03776,-2.60349,2.19725e-05,-0.000131835,-0.000121592,0.000127866,-0.000572731,-0.000652806,0,0,0,0,0,0,0,0,0,0,0,0,0,0,0,0,0,0,0,0,0,0,0,0,0,0,0,0,0,0,0,0,0,0,0,0,0,0,0,0,1.74888,1.19814,0.0372297,3.78415e-05,-4.51657e-05,5.36438e-05,0.000128557,-0.000241706,0.000274079,0,0,0,0,0,0,0,0,0,0,0,0,0,0,0,0,0,0,0,0,0,0,0,0,0,0,0,0,0,0,0,0,0,0,0,0,0,0,0,0,0,0,0,0,0,0,0,0,0,0,0,0,2,0,0,0,0,0,1.3427,0.046,2.6285,0,0,0,0,0,0,0,-0,0,1.60725,0,0,0,0,0,0,0,0,0,0,0,0,0,0,0,0,0,0,0,0,0,0,0,0,0,0,0,0,0,0,0,0,0
1.45,0,0,0,0,0,0,3.11938,2.03776,-2.60349,2.19725e-05,-0.000131835,-0.000121592,0.000127866,-0.000572731,-0.000652806,0,0,0,0,0,0,0,0,0,0,0,0,0,0,0,0,0,0,0,0,0,0,0,0,0,0,0,0,0,0,0,0,0,0,0,0,0,0,0,0,1.74888,1.19814,0.0372297,3.78415e-05,-4.51657e-05,5.36438e-05,0.000128557,-0.000241706,0.000274079,0,0,0,0,0,0,0,0,0,0,0,0,0,0,0,0,0,0,0,0,0,0,0,0,0,0,0,0,0,0,0,0,0,0,0,0,0,0,0,0,0,0,0,0,0,0,0,0,0,0,0,0,2,0,0,0,0,0,1.3427,0.046,2.6285,0,0,0,0,0,0,0,-0,0,1.60725,0,0,0,0,0,0,0,0,0,0,0,0,0,0,0,0,0,0,0,0,0,0,0,0,0,0,0,0,0,0,0,0,0
1.5,0,0,0,0,0,0,3.11938,2.03776,-2.60349,2.19725e-05,-0.000131835,-0.000121592,0.000127866,-0.000572731,-0.000652806,0,0,0,0,0,0,0,0,0,0,0,0,0,0,0,0,0,0,0,0,0,0,0,0,0,0,0,0,0,0,0,0,0,0,0,0,0,0,0,0,1.74888,1.19814,0.0372297,3.78415e-05,-4.51657e-05,5.36438e-05,0.000128557,-0.000241706,0.000274079,0,0,0,0,0,0,0,0,0,0,0,0,0,0,0,0,0,0,0,0,0,0,0,0,0,0,0,0,0,0,0,0,0,0,0,0,0,0,0,0,0,0,0,0,0,0,0,0,0,0,0,0,2,0,0,0,0,0,1.3427,0.046,2.6285,0,0,0,0,0,0,0,-0,0,1.60725,0,0,0,0,0,0,0,0,0,0,0,0,0,0,0,0,0,0,0,0,0,0,0,0,0,0,0,0,0,0,0,0,0
1.55,0,0,0,0,0,0,3.11937,2.0378,-2.60349,-0.000109854,0.000393033,-4.76797e-06,-0.000456325,0.00169149,-5.4834e-05,0,0,0,0,0,0,0,0,0,0,0,0,0,0,0,0,0,0,0,0,0,0,0,0,0,0,0,0,0,0,0,0,0,0,0,0,0,0,0,0,1.74887,1.19818,0.0372128,-0.000161118,0.000447958,-0.000168703,-0.000716908,0.00176573,-0.000924514,0,0,0,0,0,0,0,0,0,0,0,0,0,0,0,0,0,0,0,0,0,0,0,0,0,0,0,0,0,0,0,0,0,0,0,0,0,0,0,0,0,0,0,0,0,0,0,0,0,0,0,0,2,0,0,0,0,0,1.3842,0.0874,2.67,0,0,0,0,0,0,0,-0,0,1.60725,0,0,0,0,0,0,0,0,0,0,0,0,0,0,0,0,0,0,0,0,0,0,0,0,0,0,0,0,0,0,0,0,0
1.6,0,0,0,0,0,0,3.11937,2.0378,-2.60349,-0.000109854,0.000393033,-4.76797e-06,-0.000456325,0.00169149,-5.4834e-05,0,0,0,0,0,0,0,0,0,0,0,0,0,0,0,0,0,0,0,0,0,0,0,0,0,0,0,0,0,0,0,0,0,0,0,0,0,0,0,0,1.74887,1.19818,0.0372128,-0.000161118,0.000447958,-0.000168703,-0.000716908,0.00176573,-0.000924514,0,0,0,0,0,0,0,0,0,0,0,0,0,0,0,0,0,0,0,0,0,0,0,0,0,0,0,0,0,0,0,0,0,0,0,0,0,0,0,0,0,0,0,0,0,0,0,0,0,0,0,0,2,0,0,0,0,0,1.3842,0.0874,2.67,0,0,0,0,0,0,0,-0,0,1.60725,0,0,0,0,0,0,0,0,0,0,0,0,0,0,0,0,0,0,0,0,0,0,0,0,0,0,0,0,0,0,0,0,0
1.65,0,0,0,0,0,0,3.11936,2.03778,-2.60354,-0.000117223,-0.000285732,-0.000510372,-0.00038245,-0.00139017,-0.00197217,0,0,0,0,0,0,0,0,0,0,0,0,0,0,0,0,0,0,0,0,0,0,0,0,0,0,0,0,0,0,0,0,0,0,0,0,0,0,0,0,1.74884,1.19814,0.0372098,-0.000206363,-0.000461569,-3.03705e-05,-0.000725577,-0.00230241,-0.000164531,0,0,0,0,0,0,0,0,0,0,0,0,0,0,0,0,0,0,0,0,0,0,0,0,0,0,0,0,0,0,0,0,0,0,0,0,0,0,0,0,0,0,0,0,0,0,0,0,0,0,0,0,2,0,0,0,0,0,1.3842,0.0874,2.67,0,0,0,0,0,0,0,-0,0,1.60727,0,0,0,0,0,0,0,0,0,0,0,0,0,0,0,0,0,0,0,0,0,0,0,0,0,0,0,0,0,0,0,0,0
1.7,0,0,0,0,0,0,3.11936,2.03778,-2.60354,-0.000117223,-0.000285732,-0.000510372,-0.00038245,-0.00139017,-0.00197217,0,0,0,0,0,0,0,0,0,0,0,0,0,0,0,0,0,0,0,0,0,0,0,0,0,0,0,0,0,0,0,0,0,0,0,0,0,0,0,0,1.74884,1.19814,0.0372098,-0.000206363,-0.000461569,-3.03705e-05,-0.000725577,-0.00230241,-0.000164531,0,0,0,0,0,0,0,0,0,0,0,0,0,0,0,0,0,0,0,0,0,0,0,0,0,0,0,0,0,0,0,0,0,0,0,0,0,0,0,0,0,0,0,0,0,0,0,0,0,0,0,0,2,0,0,0,0,0,1.3842,0.0874,2.67,0,0,0,0,0,0,0,-0,0,1.60727,0,0,0,0,0,0,0,0,0,0,0,0,0,0,0,0,0,0,0,0,0,0,0,0,0,0,0,0,0,0,0,0,0
1.75,0,0,0,0,0,0,3.11937,2.03781,-2.60342,7.81057e-05,0.000318525,0.00114889,0.000560743,0.00116251,0.00518609,0,0,0,0,0,0,0,0,0,0,0,0,0,0,0,0,0,0,0,0,0,0,0,0,0,0,0,0,0,0,0,0,0,0,0,0,0,0,0,0,1.74889,1.19819,0.0372159,0.000408835,0.000495484,6.07073e-05,0.0020212,0.00189081,0.00036796,0,0,0,0,0,0,0,0,0,0,0,0,0,0,0,0,0,0,0,0,0,0,0,0,0,0,0,0,0,0,0,0,0,0,0,0,0,0,0,0,0,0,0,0,0,0,0,0,0,0,0,0,2,0,0,0,0,0,1.3549,0.0583,2.6408,0,0,0,0,0,0,0,-0,0,1.60723,0,0,0,0,0,0,0,0,0,0,0,0,0,0,0,0,0,0,0,0,0,0,0,0,0,0,0,0,0,0,0,0,0
1.8,0,0,0,0,0,0,3.11937,2.03781,-2.60342,7.81057e-05,0.000318525,0.00114889,0.000560743,0.00116251,0.00518609,0,0,0,0,0,0,0,0,0,0,0,0,0,0,0,0,0,0,0,0,0,0,0,0,0,0,0,0,0,0,0,0,0,0,0,0,0,0,0,0,1.74889,1.19819,0.0372159,0.000408835,0.000495484,6.07073e-05,0.0020212,0.00189081,0.00036796,0,0,0,0,0,0,0,0,0,0,0,0,0,0,0,0,0,0,0,0,0,0,0,0,0,0,0,0,0,0,0,0,0,0,0,0,0,0,0,0,0,0,0,0,0,0,0,0,0,0,0,0,2,0,0,0,0,0,1.3549,0.0583,2.6408,0,0,0,0,0,0,0,-0,0,1.60723,0,0,0,0,0,0,0,0,0,0,0,0,0,0,0,0,0,0,0,0,0,0,0,0,0,0,0,0,0,0,0,0,0
1.85,0,0,0,0,0,0,3.11938,2.03772,-2.60353,0.000107455,-0.000875512,-0.00101359,0.000581573,-0.00372763,-0.00455867,0,0,0,0,0,0,0,0,0,0,0,0,0,0,0,0,0,0,0,0,0,0,0,0,0,0,0,0,0,0,0,0,0,0,0,0,0,0,0,0,1.74887,1.19811,0.0372134,-0.000180719,-0.000797363,-2.49298e-05,-0.000770599,-0.00346324,-4.9206e-05,0,0,0,0,0,0,0,0,0,0,0,0,0,0,0,0,0,0,0,0,0,0,0,0,0,0,0,0,0,0,0,0,0,0,0,0,0,0,0,0,0,0,0,0,0,0,0,0,0,0,0,0,2,0,0,0,0,0,1.3549,0.0583,2.6408,0,0,0,0,0,0,0,-0,0,1.60725,0,0,0,0,0,0,0,0,0,0,0,0,0,0,0,0,0,0,0,0,0,0,0,0,0,0,0,0,0,0,0,0,0
1.9,0,0,0,0,0,0,3.11938,2.03772,-2.60353,0.000107455,-0.000875512,-0.00101359,0.000581573,-0.00372763,-0.00455867,0,0,0,0,0,0,0,0,0,0,0,0,0,0,0,0,0,0,0,0,0,0,0,0,0,0,0,0,0,0,0,0,0,0,0,0,0,0,0,0,1.74887,1.19811,0.0372134,-0.000180719,-0.000797363,-2.49298e-05,-0.000770599,-0.00346324,-4.9206e-05,0,0,0,0,0,0,0,0,0,0,0,0,0,0,0,0,0,0,0,0,0,0,0,0,0,0,0,0,0,0,0,0,0,0,0,0,0,0,0,0,0,0,0,0,0,0,0,0,0,0,0,0,2,0,0,0,0,0,1.3549,0.0583,2.6408,0,0,0,0,0,0,0,-0,0,1.60725,0,0,0,0,0,0,0,0,0,0,0,0,0,0,0,0,0,0,0,0,0,0,0,0,0,0,0,0,0,0,0,0,0
1.95,0,0,0,0,0,0,3.11937,2.03779,-2.60343,-5.86208e-05,0.000698564,0.000925491,-0.000311424,0.00338848,0.00369083,0,0,0,0,0,0,0,0,0,0,0,0,0,0,0,0,0,0,0,0,0,0,0,0,0,0,0,0,0,0,0,0,0,0,0,0,0,0,0,0,1.74888,1.19815,0.0372237,0.000173419,0.000453089,0.000103611,0.000574333,0.0021915,0.000427569,0,0,0,0,0,0,0,0,0,0,0,0,0,0,0,0,0,0,0,0,0,0,0,0,0,0,0,0,0,0,0,0,0,0,0,0,0,0,0,0,0,0,0,0,0,0,0,0,0,0,0,0,2,0,0,0,0,0,1.4052,0.1085,2.691,0,0,0,0,0,0,0,-0,0,1.60724,0,0,0,0,0,0,0,0,0,0,0,0,0,0,0,0,0,0,0,0,0,0,0,0,0,0,0,0,0,0,0,0,0
2,0,0,0,0,0,0,3.11936,2.03776,-2.6035,-9.03041e-05,-0.00026359,-0.000698351,-0.000434601,-0.000845596,-0.00315437,0,0,0,0,0,0,0,0,0,0,0,0,0,0,0,0,0,0,0,0,0,0,0,0,0,0,0,0,0,0,0,0,0,0,0,0,0,0,0,0,1.74887,1.19814,0.0372815,-0.000123253,-9.51856e-05,0.000577541,-0.000658292,-0.000108685,0.00221524,0,0,0,0,0,0,0,0,0,0,0,0,0,0,0,0,0,0,0,0,0,0,0,0,0,0,0,0,0,0,0,0,0,0,0,0,0,0,0,0,0,0,0,0,0,0,0,0,0,0,0,0,2,0,0,0,0,0,1.4052,0.1085,2.691,0,0,0,0,0,0,0,-0,0,1.60724,0,0,0,0,0,0,0,0,0,0,0,0,0,0,0,0,0,0,0,0,0,0,0,0,0,0,0,0,0,0,0,0,0
2.05,0,0,0,0,0,0,3.11936,2.03776,-2.6035,-9.03041e-05,-0.00026359,-0.000698351,-0.000434601,-0.000845596,-0.00315437,0,0,0,0,0,0,0,0,0,0,0,0,0,0,0,0,0,0,0,0,0,0,0,0,0,0,0,0,0,0,0,0,0,0,0,0,0,0,0,0,1.74887,1.19814,0.0372815,-0.000123253,-9.51856e-05,0.000577541,-0.000658292,-0.000108685,0.00221524,0,0,0,0,0,0,0,0,0,0,0,0,0,0,0,0,0,0,0,0,0,0,0,0,0,0,0,0,0,0,0,0,0,0,0,0,0,0,0,0,0,0,0,0,0,0,0,0,0,0,0,0,2,0,0,0,0,0,1.4052,0.1085,2.691,0,0,0,0,0,0,0,-0,0,1.60724,0,0,0,0,0,0,0,0,0,0,0,0,0,0,0,0,0,0,0,0,0,0,0,0,0,0,0,0,0,0,0,0,0
2.1,0,0,0,0,0,0,3.11938,2.03777,-2.60346,0.000148964,7.08188e-05,0.000383952,0.000678524,0.000255481,0.00150454,0,0,0,0,0,0,0,0,0,0,0,0,0,0,0,0,0,0,0,0,0,0,0,0,0,0,0,0,0,0,0,0,0,0,0,0,0,0,0,0,1.74887,1.19814,0.037214,7.32606e-06,-6.59346e-05,-0.000675528,-4.026e-05,-0.000259713,-0.00343547,0,0,0,0,0,0,0,0,0,0,0,0,0,0,0,0,0,0,0,0,0,0,0,0,0,0,0,0,0,0,0,0,0,0,0,0,0,0,0,0,0,0,0,0,0,0,0,0,0,0,0,0,2,0,0,0,0,0,1.4052,0.1085,2.691,0,0,0,0,0,0,0,-0,0,1.60726,0,0,0,0,0,0,0,0,0,0,0,0,0,0,0,0,0,0,0,0,0,0,0,0,0,0,0,0,0,0,0,0,0
2.15,0,0,0,0,0,0,3.11938,2.03777,-2.60346,0.000148964,7.08188e-05,0.000383952,0.000678524,0.000255481,0.00150454,0,0,0,0,0,0,0,0,0,0,0,0,0,0,0,0,0,0,0,0,0,0,0,0,0,0,0,0,0,0,0,0,0,0,0,0,0,0,0,0,1.74887,1.19814,0.037214,7.32606e-06,-6.59346e-05,-0.000675528,-4.026e-05,-0.000259713,-0.00343547,0,0,0,0,0,0,0,0,0,0,0,0,0,0,0,0,0,0,0,0,0,0,0,0,0,0,0,0,0,0,0,0,0,0,0,0,0,0,0,0,0,0,0,0,0,0,0,0,0,0,0,0,2,0,0,0,0,0,1.355,0.0582,2.6407,0,0,0,0,0,0,0,-0,0,1.60726,0,0,0,0,0,0,0,0,0,0,0,0,0,0,0,0,0,0,0,0,0,0,0,0,0,0,0,0,0,0,0,0,0
2.2,0,0,0,0,0,0,3.11938,2.03779,-2.60349,2.93007e-05,0.000146504,-0.000226527,8.0009e-05,0.00060484,-0.000905244,0,0,0,0,0,0,0,0,0,0,0,0,0,0,0,0,0,0,0,0,0,0,0,0,0,0,0,0,0,0,0,0,0,0,0,0,0,0,0,0,1.74887,1.19815,0.0372059,4.88345e-06,0.000108657,-8.0216e-05,4.96847e-05,0.000521176,-0.000449214,0,0,0,0,0,0,0,0,0,0,0,0,0,0,0,0,0,0,0,0,0,0,0,0,0,0,0,0,0,0,0,0,0,0,0,0,0,0,0,0,0,0,0,0,0,0,0,0,0,0,0,0,2,0,0,0,0,0,1.355,0.0582,2.6407,0,0,0,0,0,0,0,-0,0,1.60726,0,0,0,0,0,0,0,0,0,0,0,0,0,0,0,0,0,0,0,0,0,0,0,0,0,0,0,0,0,0,0,0,0
2.25,0,0,0,0,0,0,3.11938,2.03779,-2.60349,2.93007e-05,0.000146504,-0.000226527,8.0009e-05,0.00060484,-0.000905244,0,0,0,0,0,0,0,0,0,0,0,0,0,0,0,0,0,0,0,0,0,0,0,0,0,0,0,0,0,0,0,0,0,0,0,0,0,0,0,0,1.74887,1.19815,0.0372059,4.88345e-06,0.000108657,-8.0216e-05,4.96847e-05,0.000521176,-0.000449214,0,0,0,0,0,0,0,0,0,0,0,0,0,0,0,0,0,0,0,0,0,0,0,0,0,0,0,0,0,0,0,0,0,0,0,0,0,0,0,0,0,0,0,0,0,0,0,0,0,0,0,0,2,0,0,0,0,0,1.355,0.0582,2.6407,0,0,0,0,0,0,0,-0,0,1.60726,0,0,0,0,0,0,0,0,0,0,0,0,0,0,0,0,0,0,0,0,0,0,0,0,0,0,0,0,0,0,0,0,0
2.3,0,0,0,0,0,0,3.11938,2.0378,-2.6035,-4.88087e-05,0.000100058,-8.34133e-05,-0.000345103,0.000224926,-0.000297989,0,0,0,0,0,0,0,0,0,0,0,0,0,0,0,0,0,0,0,0,0,0,0,0,0,0,0,0,0,0,0,0,0,0,0,0,0,0,0,0,1.74887,1.19815,0.0372189,3.66067e-06,5.61302e-05,0.000129366,3.7124e-05,0.000208794,0.00097203,0,0,0,0,0,0,0,0,0,0,0,0,0,0,0,0,0,0,0,0,0,0,0,0,0,0,0,0,0,0,0,0,0,0,0,0,0,0,0,0,0,0,0,0,0,0,0,0,0,0,0,0,2,0,0,0,0,0,1.355,0.0582,2.6407,0,0,0,0,0,0,0,-0,0,1.60726,0,0,0,0,0,0,0,0,0,0,0,0,0,0,0,0,0,0,0,0,0,0,0,0,0,0,0,0,0,0,0,0,0
2.35,0,0,0,0,0,0,3.11938,2.0378,-2.6035,-4.88087e-05,0.000100058,-8.34133e-05,-0.000345103,0.000224926,-0.000297989,0,0,0,0,0,0,0,0,0,0,0,0,0,0,0,0,0,0,0,0,0,0,0,0,0,0,0,0,0,0,0,0,0,0,0,0,0,0,0,0,1.74887,1.19815,0.0372189,3.66067e-06,5.61302e-05,0.000129366,3.7124e-05,0.000208794,0.00097203,0,0,0,0,0,0,0,0,0,0,0,0,0,0,0,0,0,0,0,0,0,0,0,0,0,0,0,0,0,0,0,0,0,0,0,0,0,0,0,0,0,0,0,0,0,0,0,0,0,0,0,0,2,0,0,0,0,0,1.4179,0.1211,2.7036,0,0,0,0,0,0,0,-0,0,1.60726,0,0,0,0,0,0,0,0,0,0,0,0,0,0,0,0,0,0,0,0,0,0,0,0,0,0,0,0,0,0,0,0,0
2.4,0,0,0,0,0,0,3.11937,2.03779,-2.6035,-5.37344e-05,-9.76988e-05,-5.00897e-05,-0.000284356,-0.000706678,3.65587e-05,0,0,0,0,0,0,0,0,0,0,0,0,0,0,0,0,0,0,0,0,0,0,0,0,0,0,0,0,0,0,0,0,0,0,0,0,0,0,0,0,1.74886,1.19815,0.0372214,-9.52563e-05,1.46548e-05,2.48212e-05,-0.000374635,-8.27241e-05,0.000358108,0,0,0,0,0,0,0,0,0,0,0,0,0,0,0,0,0,0,0,0,0,0,0,0,0,0,0,0,0,0,0,0,0,0,0,0,0,0,0,0,0,0,0,0,0,0,0,0,0,0,0,0,2,0,0,0,0,0,1.4179,0.1211,2.7036,0,0,0,0,0,0,0,-0,0,1.60726,0,0,0,0,0,0,0,0,0,0,0,0,0,0,0,0,0,0,0,0,0,0,0,0,0,0,0,0,0,0,0,0,0
2.45,0,0,0,0,0,0,3.11937,2.03779,-2.6035,-5.37344e-05,-9.76988e-05,-5.00897e-05,-0.000284356,-0.000706678,3.65587e-05,0,0,0,0,0,0,0,0,0,0,0,0,0,0,0,0,0,0,0,0,0,0,0,0,0,0,0,0,0,0,0,0,0,0,0,0,0,0,0,0,1.74886,1.19815,0.0372214,-9.52563e-05,1.46548e-05,2.48212e-05,-0.000374635,-8.27241e-05,0.000358108,0,0,0,0,0,0,0,0,0,0,0,0,0,0,0,0,0,0,0,0,0,0,0,0,0,0,0,0,0,0,0,0,0,0,0,0,0,0,0,0,0,0,0,0,0,0,0,0,0,0,0,0,2,0,0,0,0,0,1.4179,0.1211,2.7036,0,0,0,0,0,0,0,-0,0,1.60726,0,0,0,0,0,0,0,0,0,0,0,0,0,0,0,0,0,0,0,0,0,0,0,0,0,0,0,0,0,0,0,0,0
2.5,0,0,0,0,0,0,3.11938,2.03778,-2.60348,5.37287e-05,-8.79197e-05,0.000164563,0.00026677,-0.000511436,0.000924804,0,0,0,0,0,0,0,0,0,0,0,0,0,0,0,0,0,0,0,0,0,0,0,0,0,0,0,0,0,0,0,0,0,0,0,0,0,0,0,0,1.74884,1.19815,0.0373311,-0.000244221,-9.76886e-06,0.00109817,-0.000875987,-0.00018668,0.00442063,0,0,0,0,0,0,0,0,0,0,0,0,0,0,0,0,0,0,0,0,0,0,0,0,0,0,0,0,0,0,0,0,0,0,0,0,0,0,0,0,0,0,0,0,0,0,0,0,0,0,0,0,2,0,0,0,0,0,1.4179,0.1211,2.7036,0,0,0,0,0,0,0,-0,0,1.60728,0,0,0,0,0,0,0,0,0,0,0,0,0,0,0,0,0,0,0,0,0,0,0,0,0,0,0,0,0,0,0,0,0
2.55,0,0,0,0,0,0,3.11938,2.03778,-2.60348,5.37287e-05,-8.79197e-05,0.000164563,0.00026677,-0.000511436,0.000924804,0,0,0,0,0,0,0,0,0,0,0,0,0,0,0,0,0,0,0,0,0,0,0,0,0,0,0,0,0,0,0,0,0,0,0,0,0,0,0,0,1.74884,1.19815,0.0373311,-0.000244221,-9.76886e-06,0.00109817,-0.000875987,-0.00018668,0.00442063,0,0,0,0,0,0,0,0,0,0,0,0,0,0,0,0,0,0,0,0,0,0,0,0,0,0,0,0,0,0,0,0,0,0,0,0,0,0,0,0,0,0,0,0,0,0,0,0,0,0,0,0,2,0,0,0,0,0,1.3253,0.0285,2.6112,0,0,0,0,0,0,0,-0,0,1.60728,0,0,0,0,0,0,0,0,0,0,0,0,0,0,0,0,0,0,0,0,0,0,0,0,0,0,0,0,0,0,0,0,0
2.6,0,0,0,0,0,0,3.11938,2.03779,-2.6035,3.90659e-05,0.000161147,-0.00011922,0.000176274,0.000714484,-0.000458192,0,0,0,0,0,0,0,0,0,0,0,0,0,0,0,0,0,0,0,0,0,0,0,0,0,0,0,0,0,0,0,0,0,0,0,0,0,0,0,0,1.74887,1.19816,0.0372268,0.000290553,1.83121e-05,-0.00104377,0.00154278,-1.39877e-05,-0.00535333,0,0,0,0,0,0,0,0,0,0,0,0,0,0,0,0,0,0,0,0,0,0,0,0,0,0,0,0,0,0,0,0,0,0,0,0,0,0,0,0,0,0,0,0,0,0,0,0,0,0,0,0,2,0,0,0,0,0,1.3253,0.0285,2.6112,0,0,0,0,0,0,0,-0,0,1.60726,0,0,0,0,0,0,0,0,0,0,0,0,0,0,0,0,0,0,0,0,0,0,0,0,0,0,0,0,0,0,0,0,0
2.65,0,0,0,0,0,0,3.11938,2.03779,-2.6035,3.90659e-05,0.000161147,-0.00011922,0.000176274,0.000714484,-0.000458192,0,0,0,0,0,0,0,0,0,0,0,0,0,0,0,0,0,0,0,0,0,0,0,0,0,0,0,0,0,0,0,0,0,0,0,0,0,0,0,0,1.74887,1.19816,0.0372268,0.000290553,1.83121e-05,-0.00104377,0.00154278,-1.39877e-05,-0.00535333,0,0,0,0,0,0,0,0,0,0,0,0,0,0,0,0,0,0,0,0,0,0,0,0,0,0,0,0,0,0,0,0,0,0,0,0,0,0,0,0,0,0,0,0,0,0,0,0,0,0,0,0,2,0,0,0,0,0,1.3253,0.0285,2.6112,0,0,0,0,0,0,0,-0,0,1.60726,0,0,0,0,0,0,0,0,0,0,0,0,0,0,0,0,0,0,0,0,0,0,0,0,0,0,0,0,0,0,0,0,0
2.7,0,0,0,0,0,0,3.11938,2.03779,-2.60348,-4.63824e-05,4.88235e-06,0.000112046,-0.000247848,-2.9404e-05,0.000461718,0,0,0,0,0,0,0,0,0,0,0,0,0,0,0,0,0,0,0,0,0,0,0,0,0,0,0,0,0,0,0,0,0,0,0,0,0,0,0,0,1.74887,1.19816,0.0372086,-2.56324e-05,1.22059e-05,-0.000181628,-9.55149e-06,-9.4169e-06,-0.00109286,0,0,0,0,0,0,0,0,0,0,0,0,0,0,0,0,0,0,0,0,0,0,0,0,0,0,0,0,0,0,0,0,0,0,0,0,0,0,0,0,0,0,0,0,0,0,0,0,0,0,0,0,2,0,0,0,0,0,1.3253,0.0285,2.6112,0,0,0,0,0,0,0,-0,0,1.60726,0,0,0,0,0,0,0,0,0,0,0,0,0,0,0,0,0,0,0,0,0,0,0,0,0,0,0,0,0,0,0,0,0
2.75,0,0,0,0,0,0,3.11938,2.03779,-2.60348,-4.63824e-05,4.88235e-06,0.000112046,-0.000247848,-2.9404e-05,0.000461718,0,0,0,0,0,0,0,0,0,0,0,0,0,0,0,0,0,0,0,0,0,0,0,0,0,0,0,0,0,0,0,0,0,0,0,0,0,0,0,0,1.74887,1.19816,0.0372086,-2.56324e-05,1.22059e-05,-0.000181628,-9.55149e-06,-9.4169e-06,-0.00109286,0,0,0,0,0,0,0,0,0,0,0,0,0,0,0,0,0,0,0,0,0,0,0,0,0,0,0,0,0,0,0,0,0,0,0,0,0,0,0,0,0,0,0,0,0,0,0,0,0,0,0,0,2,0,0,0,0,0,1.3549,0.0582,2.6407,0,0,0,0,0,0,0,-0,0,1.60726,0,0,0,0,0,0,0,0,0,0,0,0,0,0,0,0,0,0,0,0,0,0,0,0,0,0,0,0,0,0,0,0,0
2.8,0,0,0,0,0,0,3.11938,2.03778,-2.60349,9.76652e-06,-0.000117198,-4.76881e-05,1.81541e-05,-0.000606141,-0.000236561,0,0,0,0,0,0,0,0,0,0,0,0,0,0,0,0,0,0,0,0,0,0,0,0,0,0,0,0,0,0,0,0,0,0,0,0,0,0,0,0,1.74886,1.19816,0.0371875,-9.15609e-05,1.34289e-05,-0.000211466,-0.000479263,-1.54734e-07,-0.000198672,0,0,0,0,0,0,0,0,0,0,0,0,0,0,0,0,0,0,0,0,0,0,0,0,0,0,0,0,0,0,0,0,0,0,0,0,0,0,0,0,0,0,0,0,0,0,0,0,0,0,0,0,2,0,0,0,0,0,1.3549,0.0582,2.6407,0,0,0,0,0,0,0,-0,0,1.60726,0,0,0,0,0,0,0,0,0,0,0,0,0,0,0,0,0,0,0,0,0,0,0,0,0,0,0,0,0,0,0,0,0
2.85,0,0,0,0,0,0,3.11938,2.03778,-2.60349,9.76652e-06,-0.000117198,-4.76881e-05,1.81541e-05,-0.000606141,-0.000236561,0,0,0,0,0,0,0,0,0,0,0,0,0,0,0,0,0,0,0,0,0,0,0,0,0,0,0,0,0,0,0,0,0,0,0,0,0,0,0,0,1.74886,1.19816,0.0371875,-9.15609e-05,1.34289e-05,-0.000211466,-0.000479263,-1.54734e-07,-0.000198672,0,0,0,0,0,0,0,0,0,0,0,0,0,0,0,0,0,0,0,0,0,0,0,0,0,0,0,0,0,0,0,0,0,0,0,0,0,0,0,0,0,0,0,0,0,0,0,0,0,0,0,0,2,0,0,0,0,0,1.3549,0.0582,2.6407,0,0,0,0,0,0,0,-0,0,1.60726,0,0,0,0,0,0,0,0,0,0,0,0,0,0,0,0,0,0,0,0,0,0,0,0,0,0,0,0,0,0,0,0,0
2.9,0,0,0,0,0,0,3.11938,2.0378,-2.60352,3.90724e-05,0.000139196,-0.000300484,0.000163993,0.000582424,-0.00124662,0,0,0,0,0,0,0,0,0,0,0,0,0,0,0,0,0,0,0,0,0,0,0,0,0,0,0,0,0,0,0,0,0,0,0,0,0,0,0,0,1.74887,1.19815,0.0372111,0.000125764,-6.10507e-05,0.000236243,0.000516993,-0.00029643,0.00179057,0,0,0,0,0,0,0,0,0,0,0,0,0,0,0,0,0,0,0,0,0,0,0,0,0,0,0,0,0,0,0,0,0,0,0,0,0,0,0,0,0,0,0,0,0,0,0,0,0,0,0,0,2,0,0,0,0,0,1.3549,0.0582,2.6407,0,0,0,0,0,0,0,-0,0,1.60727,0,0,0,0,0,0,0,0,0,0,0,0,0,0,0,0,0,0,0,0,0,0,0,0,0,0,0,0,0,0,0,0,0
2.95,0,0,0,0,0,0,3.11938,2.0378,-2.60352,3.90724e-05,0.000139196,-0.000300484,0.000163993,0.000582424,-0.00124662,0,0,0,0,0,0,0,0,0,0,0,0,0,0,0,0,0,0,0,0,0,0,0,0,0,0,0,0,0,0,0,0,0,0,0,0,0,0,0,0,1.74887,1.19815,0.0372111,0.000125764,-6.10507e-05,0.000236243,0.000516993,-0.00029643,0.00179057,0,0,0,0,0,0,0,0,0,0,0,0,0,0,0,0,0,0,0,0,0,0,0,0,0,0,0,0,0,0,0,0,0,0,0,0,0,0,0,0,0,0,0,0,0,0,0,0,0,0,0,0,2,0,0,0,0,0,1.2657,-0.031,2.5515,0,0,0,0,0,0,0,-0,0,1.60727,0,0,0,0,0,0,0,0,0,0,0,0,0,0,0,0,0,0,0,0,0,0,0,0,0,0,0,0,0,0,0,0,0
3,0,0,0,0,0,0,3.11938,2.03779,-2.6035,-7.3261e-06,-6.10508e-05,0.000169321,-6.71578e-05,-0.00028942,0.000991736,0,0,0,0,0,0,0,0,0,0,0,0,0,0,0,0,0,0,0,0,0,0,0,0,0,0,0,0,0,0,0,0,0,0,0,0,0,0,0,0,1.74887,1.19815,0.037219,4.76199e-05,-4.76199e-05,7.89968e-05,0.000133122,-0.000164468,0.000716319,0,0,0,0,0,0,0,0,0,0,0,0,0,0,0,0,0,0,0,0,0,0,0,0,0,0,0,0,0,0,0,0,0,0,0,0,0,0,0,0,0,0,0,0,0,0,0,0,0,0,0,0,2,0,0,0,0,0,1.2657,-0.031,2.5515,0,0,0,0,0,0,0,-0,0,1.60726,0,0,0,0,0,0,0,0,0,0,0,0,0,0,0,0,0,0,0,0,0,0,0,0,0,0,0,0,0,0,0,0,0
3.05,0,0,0,0,0,0,3.11938,2.03779,-2.6035,-7.3261e-06,-6.10508e-05,0.000169321,-6.71578e-05,-0.00028942,0.000991736,0,0,0,0,0,0,0,0,0,0,0,0,0,0,0,0,0,0,0,0,0,0,0,0,0,0,0,0,0,0,0,0,0,0,0,0,0,0,0,0,1.74887,1.19815,0.037219,4.76199e-05,-4.76199e-05,7.89968e-05,0.000133122,-0.000164468,0.000716319,0,0,0,0,0,0,0,0,0,0,0,0,0,0,0,0,0,0,0,0,0,0,0,0,0,0,0,0,0,0,0,0,0,0,0,0,0,0,0,0,0,0,0,0,0,0,0,0,0,0,0,0,2,0,0,0,0,0,1.2657,-0.031,2.5515,0,0,0,0,0,0,0,-0,0,1.60726,0,0,0,0,0,0,0,0,0,0,0,0,0,0,0,0,0,0,0,0,0,0,0,0,0,0,0,0,0,0,0,0,0
3.1,0,0,0,0,0,0,3.11938,2.03778,-2.60349,1.70563e-05,-9.38099e-05,0.000109458,2.58469e-05,-0.000422812,0.000659349,0,0,0,0,0,0,0,0,0,0,0,0,0,0,0,0,0,0,0,0,0,0,0,0,0,0,0,0,0,0,0,0,0,0,0,0,0,0,0,0,1.74887,1.19815,0.0372334,-7.30986e-06,-1.82747e-05,0.000143849,-0.000191482,3.63125e-05,0.000543924,0,0,0,0,0,0,0,0,0,0,0,0,0,0,0,0,0,0,0,0,0,0,0,0,0,0,0,0,0,0,0,0,0,0,0,0,0,0,0,0,0,0,0,0,0,0,0,0,0,0,0,0,2,0,0,0,0,0,1.2657,-0.031,2.5515,0,0,0,0,0,0,0,-0,0,1.60726,0,0,0,0,0,0,0,0,0,0,0,0,0,0,0,0,0,0,0,0,0,0,0,0,0,0,0,0,0,0,0,0,0
3.15,0,0,0,0,0,0,3.11938,2.03778,-2.60349,1.70563e-05,-9.38099e-05,0.000109458,2.58469e-05,-0.000422812,0.000659349,0,0,0,0,0,0,0,0,0,0,0,0,0,0,0,0,0,0,0,0,0,0,0,0,0,0,0,0,0,0,0,0,0,0,0,0,0,0,0,0,1.74887,1.19815,0.0372334,-7.30986e-06,-1.82747e-05,0.000143849,-0.000191482,3.63125e-05,0.000543924,0,0,0,0,0,0,0,0,0,0,0,0,0,0,0,0,0,0,0,0,0,0,0,0,0,0,0,0,0,0,0,0,0,0,0,0,0,0,0,0,0,0,0,0,0,0,0,0,0,0,0,0,2,0,0,0,0,0,1.3687,0.072,2.6545,0,0,0,0,0,0,0,-0,0,1.60726,0,0,0,0,0,0,0,0,0,0,0,0,0,0,0,0,0,0,0,0,0,0,0,0,0,0,0,0,0,0,0,0,0
3.2,0,0,0,0,0,0,3.11938,2.03779,-2.60349,-6.09905e-05,5.36716e-05,-1.42946e-05,-0.000283882,0.000318055,-0.000144379,0,0,0,0,0,0,0,0,0,0,0,0,0,0,0,0,0,0,0,0,0,0,0,0,0,0,0,0,0,0,0,0,0,0,0,0,0,0,0,0,1.74887,1.19814,0.0372126,-2.19565e-05,-2.92754e-05,-0.000207383,-0.000217311,5.07582e-06,-0.00110122,0,0,0,0,0,0,0,0,0,0,0,0,0,0,0,0,0,0,0,0,0,0,0,0,0,0,0,0,0,0,0,0,0,0,0,0,0,0,0,0,0,0,0,0,0,0,0,0,0,0,0,0,2,0,0,0,0,0,1.3687,0.072,2.6545,0,0,0,0,0,0,0,-0,0,1.60726,0,0,0,0,0,0,0,0,0,0,0,0,0,0,0,0,0,0,0,0,0,0,0,0,0,0,0,0,0,0,0,0,0
3.25,0,0,0,0,0,0,3.11938,2.03779,-2.60349,-6.09905e-05,5.36716e-05,-1.42946e-05,-0.000283882,0.000318055,-0.000144379,0,0,0,0,0,0,0,0,0,0,0,0,0,0,0,0,0,0,0,0,0,0,0,0,0,0,0,0,0,0,0,0,0,0,0,0,0,0,0,0,1.74887,1.19814,0.0372126,-2.19565e-05,-2.92754e-05,-0.000207383,-0.000217311,5.07582e-06,-0.00110122,0,0,0,0,0,0,0,0,0,0,0,0,0,0,0,0,0,0,0,0,0,0,0,0,0,0,0,0,0,0,0,0,0,0,0,0,0,0,0,0,0,0,0,0,0,0,0,0,0,0,0,0,2,0,0,0,0,0,1.3687,0.072,2.6545,0,0,0,0,0,0,0,-0,0,1.60726,0,0,0,0,0,0,0,0,0,0,0,0,0,0,0,0,0,0,0,0,0,0,0,0,0,0,0,0,0,0,0,0,0
3.3,0,0,0,0,0,0,3.11938,2.0378,-2.60348,1.46425e-05,0.000191573,0.000121544,9.0053e-05,0.000841891,0.000347756,0,0,0,0,0,0,0,0,0,0,0,0,0,0,0,0,0,0,0,0,0,0,0,0,0,0,0,0,0,0,0,0,0,0,0,0,0,0,0,0,1.74888,1.19815,0.0372004,3.90468e-05,3.53862e-05,-0.000122066,0.000109878,0.000257185,-0.000541954,0,0,0,0,0,0,0,0,0,0,0,0,0,0,0,0,0,0,0,0,0,0,0,0,0,0,0,0,0,0,0,0,0,0,0,0,0,0,0,0,0,0,0,0,0,0,0,0,0,0,0,0,2,0,0,0,0,0,1.3687,0.072,2.6545,0,0,0,0,0,0,0,-0,0,1.60727,0,0,0,0,0,0,0,0,0,0,0,0,0,0,0,0,0,0,0,0,0,0,0,0,0,0,0,0,0,0,0,0,0
3.35,0,0,0,0,0,0,3.11938,2.0378,-2.60348,1.46425e-05,0.000191573,0.000121544,9.0053e-05,0.000841891,0.000347756,0,0,0,0,0,0,0,0,0,0,0,0,0,0,0,0,0,0,0,0,0,0,0,0,0,0,0,0,0,0,0,0,0,0,0,0,0,0,0,0,1.74888,1.19815,0.0372004,3.90468e-05,3.53862e-05,-0.000122066,0.000109878,0.000257185,-0.000541954,0,0,0,0,0,0,0,0,0,0,0,0,0,0,0,0,0,0,0,0,0,0,0,0,0,0,0,0,0,0,0,0,0,0,0,0,0,0,0,0,0,0,0,0,0,0,0,0,0,0,0,0,2,0,0,0,0,0,1.3606,0.0639,2.6464,0,0,0,0,0,0,0,-0,0,1.60727,0,0,0,0,0,0,0,0,0,0,0,0,0,0,0,0,0,0,0,0,0,0,0,0,0,0,0,0,0,0,0,0,0
3.4,0,0,0,0,0,0,3.11938,2.0378,-2.60347,-2.44549e-06,-8.68149e-05,0.000155231,3.63487e-05,-0.000536058,0.000409681,0,0,0,0,0,0,0,0,0,0,0,0,0,0,0,0,0,0,0,0,0,0,0,0,0,0,0,0,0,0,0,0,0,0,0,0,0,0,0,0,1.74888,1.19814,0.0372144,-1.22275e-06,-1.95639e-05,0.000139708,-5.07248e-05,-3.10393e-05,0.000796111,0,0,0,0,0,0,0,0,0,0,0,0,0,0,0,0,0,0,0,0,0,0,0,0,0,0,0,0,0,0,0,0,0,0,0,0,0,0,0,0,0,0,0,0,0,0,0,0,0,0,0,0,2,0,0,0,0,0,1.3606,0.0639,2.6464,0,0,0,0,0,0,0,-0,0,1.60726,0,0,0,0,0,0,0,0,0,0,0,0,0,0,0,0,0,0,0,0,0,0,0,0,0,0,0,0,0,0,0,0,0
3.45,0,0,0,0,0,0,3.11938,2.0378,-2.60347,-2.44549e-06,-8.68149e-05,0.000155231,3.63487e-05,-0.000536058,0.000409681,0,0,0,0,0,0,0,0,0,0,0,0,0,0,0,0,0,0,0,0,0,0,0,0,0,0,0,0,0,0,0,0,0,0,0,0,0,0,0,0,1.74888,1.19814,0.0372144,-1.22275e-06,-1.95639e-05,0.000139708,-5.07248e-05,-3.10393e-05,0.000796111,0,0,0,0,0,0,0,0,0,0,0,0,0,0,0,0,0,0,0,0,0,0,0,0,0,0,0,0,0,0,0,0,0,0,0,0,0,0,0,0,0,0,0,0,0,0,0,0,0,0,0,0,2,0,0,0,0,0,1.3606,0.0639,2.6464,0,0,0,0,0,0,0,-0,0,1.60726,0,0,0,0,0,0,0,0,0,0,0,0,0,0,0,0,0,0,0,0,0,0,0,0,0,0,0,0,0,0,0,0,0
3.5,0,0,0,0,0,0,3.11938,2.03778,-2.60351,9.76561e-06,-0.000151367,-0.000419616,6.33435e-05,-0.000766801,-0.00204173,0,0,0,0,0,0,0,0,0,0,0,0,0,0,0,0,0,0,0,0,0,0,0,0,0,0,0,0,0,0,0,0,0,0,0,0,0,0,0,0,1.74887,1.19815,0.0372044,-7.69041e-05,1.95312e-05,-9.99121e-05,-0.00035461,9.84693e-05,-0.000297542,0,0,0,0,0,0,0,0,0,0,0,0,0,0,0,0,0,0,0,0,0,0,0,0,0,0,0,0,0,0,0,0,0,0,0,0,0,0,0,0,0,0,0,0,0,0,0,0,0,0,0,0,2,0,0,0,0,0,1.3606,0.0639,2.6464,0,0,0,0,0,0,0,-0,0,1.60726,0,0,0,0,0,0,0,0,0,0,0,0,0,0,0,0,0,0,0,0,0,0,0,0,0,0,0,0,0,0,0,0,0
3.55,0,0,0,0,0,0,3.11938,2.03778,-2.60351,9.76561e-06,-0.000151367,-0.000419616,6.33435e-05,-0.000766801,-0.00204173,0,0,0,0,0,0,0,0,0,0,0,0,0,0,0,0,0,0,0,0,0,0,0,0,0,0,0,0,0,0,0,0,0,0,0,0,0,0,0,0,1.74887,1.19815,0.0372044,-7.69041e-05,1.95312e-05,-9.99121e-05,-0.00035461,9.84693e-05,-0.000297542,0,0,0,0,0,0,0,0,0,0,0,0,0,0,0,0,0,0,0,0,0,0,0,0,0,0,0,0,0,0,0,0,0,0,0,0,0,0,0,0,0,0,0,0,0,0,0,0,0,0,0,0,2,0,0,0,0,0,1.355,0.0583,2.6407,0,0,0,0,0,0,0,-0,0,1.60726,0,0,0,0,0,0,0,0,0,0,0,0,0,0,0,0,0,0,0,0,0,0,0,0,0,0,0,0,0,0,0,0,0
3.6,0,0,0,0,0,0,3.11937,2.03778,-2.60348,-4.63827e-05,3.66179e-06,0.000288461,-0.000182671,0.000127921,0.00127133,0,0,0,0,0,0,0,0,0,0,0,0,0,0,0,0,0,0,0,0,0,0,0,0,0,0,0,0,0,0,0,0,0,0,0,0,0,0,0,0,1.74887,1.19815,0.0372185,3.41767e-05,5.00445e-05,0.000141288,0.000189805,0.000198598,0.000636914,0,0,0,0,0,0,0,0,0,0,0,0,0,0,0,0,0,0,0,0,0,0,0,0,0,0,0,0,0,0,0,0,0,0,0,0,0,0,0,0,0,0,0,0,0,0,0,0,0,0,0,0,2,0,0,0,0,0,1.355,0.0583,2.6407,0,0,0,0,0,0,0,-0,0,1.60725,0,0,0,0,0,0,0,0,0,0,0,0,0,0,0,0,0,0,0,0,0,0,0,0,0,0,0,0,0,0,0,0,0
3.65,0,0,0,0,0,0,3.11937,2.03778,-2.60348,-4.63827e-05,3.66179e-06,0.000288461,-0.000182671,0.000127921,0.00127133,0,0,0,0,0,0,0,0,0,0,0,0,0,0,0,0,0,0,0,0,0,0,0,0,0,0,0,0,0,0,0,0,0,0,0,0,0,0,0,0,1.74887,1.19815,0.0372185,3.41767e-05,5.00445e-05,0.000141288,0.000189805,0.000198598,0.000636914,0,0,0,0,0,0,0,0,0,0,0,0,0,0,0,0,0,0,0,0,0,0,0,0,0,0,0,0,0,0,0,0,0,0,0,0,0,0,0,0,0,0,0,0,0,0,0,0,0,0,0,0,2,0,0,0,0,0,1.355,0.0583,2.6407,0,0,0,0,0,0,0,-0,0,1.60725,0,0,0,0,0,0,0,0,0,0,0,0,0,0,0,0,0,0,0,0,0,0,0,0,0,0,0,0,0,0,0,0,0
3.7,0,0,0,0,0,0,3.11938,2.03779,-2.60351,2.68557e-05,0.000117188,-0.000336173,0.000149683,0.000651514,-0.00128428,0,0,0,0,0,0,0,0,0,0,0,0,0,0,0,0,0,0,0,0,0,0,0,0,0,0,0,0,0,0,0,0,0,0,0,0,0,0,0,0,1.74888,1.19815,0.0372912,0.000106202,6.10357e-06,0.000726699,0.000475426,-4.27979e-05,0.002848,0,0,0,0,0,0,0,0,0,0,0,0,0,0,0,0,0,0,0,0,0,0,0,0,0,0,0,0,0,0,0,0,0,0,0,0,0,0,0,0,0,0,0,0,0,0,0,0,0,0,0,0,2,0,0,0,0,0,1.355,0.0583,2.6407,0,0,0,0,0,0,0,-0,0,1.60725,0,0,0,0,0,0,0,0,0,0,0,0,0,0,0,0,0,0,0,0,0,0,0,0,0,0,0,0,0,0,0,0,0
3.75,0,0,0,0,0,0,3.11938,2.03779,-2.60351,2.68557e-05,0.000117188,-0.000336173,0.000149683,0.000651514,-0.00128428,0,0,0,0,0,0,0,0,0,0,0,0,0,0,0,0,0,0,0,0,0,0,0,0,0,0,0,0,0,0,0,0,0,0,0,0,0,0,0,0,1.74888,1.19815,0.0372912,0.000106202,6.10357e-06,0.000726699,0.000475426,-4.27979e-05,0.002848,0,0,0,0,0,0,0,0,0,0,0,0,0,0,0,0,0,0,0,0,0,0,0,0,0,0,0,0,0,0,0,0,0,0,0,0,0,0,0,0,0,0,0,0,0,0,0,0,0,0,0,0,2,0,0,0,0,0,1.3549,0.0582,2.6407,0,0,0,0,0,0,0,-0,0,1.60725,0,0,0,0,0,0,0,0,0,0,0,0,0,0,0,0,0,0,0,0,0,0,0,0,0,0,0,0,0,0,0,0,0
3.8,0,0,0,0,0,0,3.11938,2.03779,-2.6035,-2.43803e-06,-2.31613e-05,8.09502e-05,1.77705e-05,-9.88593e-05,0.000549941,0,0,0,0,0,0,0,0,0,0,0,0,0,0,0,0,0,0,0,0,0,0,0,0,0,0,0,0,0,0,0,0,0,0,0,0,0,0,0,0,1.74887,1.19815,0.0372099,-0.000146282,-1.21901e-05,-0.000811324,-0.000684916,-0.000131444,-0.00413717,0,0,0,0,0,0,0,0,0,0,0,0,0,0,0,0,0,0,0,0,0,0,0,0,0,0,0,0,0,0,0,0,0,0,0,0,0,0,0,0,0,0,0,0,0,0,0,0,0,0,0,0,2,0,0,0,0,0,1.3549,0.0582,2.6407,0,0,0,0,0,0,0,-0,0,1.60726,0,0,0,0,0,0,0,0,0,0,0,0,0,0,0,0,0,0,0,0,0,0,0,0,0,0,0,0,0,0,0,0,0
3.85,0,0,0,0,0,0,3.11938,2.03779,-2.6035,-2.43803e-06,-2.31613e-05,8.09502e-05,1.77705e-05,-9.88593e-05,0.000549941,0,0,0,0,0,0,0,0,0,0,0,0,0,0,0,0,0,0,0,0,0,0,0,0,0,0,0,0,0,0,0,0,0,0,0,0,0,0,0,0,1.74887,1.19815,0.0372099,-0.000146282,-1.21901e-05,-0.000811324,-0.000684916,-0.000131444,-0.00413717,0,0,0,0,0,0,0,0,0,0,0,0,0,0,0,0,0,0,0,0,0,0,0,0,0,0,0,0,0,0,0,0,0,0,0,0,0,0,0,0,0,0,0,0,0,0,0,0,0,0,0,0,2,0,0,0,0,0,1.3549,0.0582,2.6407,0,0,0,0,0,0,0,-0,0,1.60726,0,0,0,0,0,0,0,0,0,0,0,0,0,0,0,0,0,0,0,0,0,0,0,0,0,0,0,0,0,0,0,0,0
3.9,0,0,0,0,0,0,3.11937,2.03777,-2.60349,-3.91251e-05,-0.000206629,0.000128952,-0.000153717,-0.000893671,0.000769737,0,0,0,0,0,0,0,0,0,0,0,0,0,0,0,0,0,0,0,0,0,0,0,0,0,0,0,0,0,0,0,0,0,0,0,0,0,0,0,0,1.74887,1.19814,0.0371906,-1.83399e-05,-6.23556e-05,-0.000193988,-5.63779e-05,-0.000291258,-0.000958872,0,0,0,0,0,0,0,0,0,0,0,0,0,0,0,0,0,0,0,0,0,0,0,0,0,0,0,0,0,0,0,0,0,0,0,0,0,0,0,0,0,0,0,0,0,0,0,0,0,0,0,0,2,0,0,0,0,0,1.3549,0.0582,2.6407,0,0,0,0,0,0,0,-0,0,1.60725,0,0,0,0,0,0,0,0,0,0,0,0,0,0,0,0,0,0,0,0,0,0,0,0,0,0,0,0,0,0,0,0,0
3.95,0,0,0,0,0,0,3.11937,2.03777,-2.60349,-3.91251e-05,-0.000206629,0.000128952,-0.000153717,-0.000893671,0.000769737,0,0,0,0,0,0,0,0,0,0,0,0,0,0,0,0,0,0,0,0,0,0,0,0,0,0,0,0,0,0,0,0,0,0,0,0,0,0,0,0,1.74887,1.19814,0.0371906,-1.83399e-05,-6.23556e-05,-0.000193988,-5.63779e-05,-0.000291258,-0.000958872,0,0,0,0,0,0,0,0,0,0,0,0,0,0,0,0,0,0,0,0,0,0,0,0,0,0,0,0,0,0,0,0,0,0,0,0,0,0,0,0,0,0,0,0,0,0,0,0,0,0,0,0,2,0,0,0,0,0,1.41,0.1132,2.6957,0,0,0,0,0,0,0,-0,0,1.60725,0,0,0,0,0,0,0,0,0,0,0,0,0,0,0,0,0,0,0,0,0,0,0,0,0,0,0,0,0,0,0,0,0
4,0,0,0,0,0,0,3.11937,2.03778,-2.60348,1.71234e-05,0.000145549,0.00012661,0.000109006,0.000761651,0.000483296,0,0,0,0,0,0,0,0,0,0,0,0,0,0,0,0,0,0,0,0,0,0,0,0,0,0,0,0,0,0,0,0,0,0,0,0,0,0,0,0,1.74888,1.19816,0.0372221,0.00010641,0.00012231,0.000315592,0.00054933,0.000540821,0.0018883,0,0,0,0,0,0,0,0,0,0,0,0,0,0,0,0,0,0,0,0,0,0,0,0,0,0,0,0,0,0,0,0,0,0,0,0,0,0,0,0,0,0,0,0,0,0,0,0,0,0,0,0,2,0,0,0,0,0,1.41,0.1132,2.6957,0,0,0,0,0,0,0,-0,0,1.60725,0,0,0,0,0,0,0,0,0,0,0,0,0,0,0,0,0,0,0,0,0,0,0,0,0,0,0,0,0,0,0,0,0
4.05,0,0,0,0,0,0,3.11937,2.03778,-2.60348,1.71234e-05,0.000145549,0.00012661,0.000109006,0.000761651,0.000483296,0,0,0,0,0,0,0,0,0,0,0,0,0,0,0,0,0,0,0,0,0,0,0,0,0,0,0,0,0,0,0,0,0,0,0,0,0,0,0,0,1.74888,1.19816,0.0372221,0.00010641,0.00012231,0.000315592,0.00054933,0.000540821,0.0018883,0,0,0,0,0,0,0,0,0,0,0,0,0,0,0,0,0,0,0,0,0,0,0,0,0,0,0,0,0,0,0,0,0,0,0,0,0,0,0,0,0,0,0,0,0,0,0,0,0,0,0,0,2,0,0,0,0,0,1.41,0.1132,2.6957,0,0,0,0,0,0,0,-0,0,1.60725,0,0,0,0,0,0,0,0,0,0,0,0,0,0,0,0,0,0,0,0,0,0,0,0,0,0,0,0,0,0,0,0,0
4.1,0,0,0,0,0,0,3.11938,2.0378,-2.6035,1.46447e-05,0.000112276,-0.000185919,9.13137e-05,0.000549887,-0.000996892,0,0,0,0,0,0,0,0,0,0,0,0,0,0,0,0,0,0,0,0,0,0,0,0,0,0,0,0,0,0,0,0,0,0,0,0,0,0,0,0,1.74887,1.19816,0.0372161,-8.66476e-05,-8.54272e-06,-5.93286e-05,-0.000358786,-8.45495e-05,2.40188e-05,0,0,0,0,0,0,0,0,0,0,0,0,0,0,0,0,0,0,0,0,0,0,0,0,0,0,0,0,0,0,0,0,0,0,0,0,0,0,0,0,0,0,0,0,0,0,0,0,0,0,0,0,2,0,0,0,0,0,1.41,0.1132,2.6957,0,0,0,0,0,0,0,-0,0,1.60726,0,0,0,0,0,0,0,0,0,0,0,0,0,0,0,0,0,0,0,0,0,0,0,0,0,0,0,0,0,0,0,0,0
4.15,0,0,0,0,0,0,3.11938,2.0378,-2.6035,1.46447e-05,0.000112276,-0.000185919,9.13137e-05,0.000549887,-0.000996892,0,0,0,0,0,0,0,0,0,0,0,0,0,0,0,0,0,0,0,0,0,0,0,0,0,0,0,0,0,0,0,0,0,0,0,0,0,0,0,0,1.74887,1.19816,0.0372161,-8.66476e-05,-8.54272e-06,-5.93286e-05,-0.000358786,-8.45495e-05,2.40188e-05,0,0,0,0,0,0,0,0,0,0,0,0,0,0,0,0,0,0,0,0,0,0,0,0,0,0,0,0,0,0,0,0,0,0,0,0,0,0,0,0,0,0,0,0,0,0,0,0,0,0,0,0,2,0,0,0,0,0,1.415,0.1182,2.7007,0,0,0,0,0,0,0,-0,0,1.60726,0,0,0,0,0,0,0,0,0,0,0,0,0,0,0,0,0,0,0,0,0,0,0,0,0,0,0,0,0,0,0,0,0
4.2,0,0,0,0,0,0,3.11938,2.03777,-2.60346,6.10439e-05,-0.000280802,0.000348141,0.000237794,-0.00126944,0.00133487,0,0,0,0,0,0,0,0,0,0,0,0,0,0,0,0,0,0,0,0,0,0,0,0,0,0,0,0,0,0,0,0,0,0,0,0,0,0,0,0,1.74887,1.19814,0.0372301,6.10441e-05,-0.000118425,0.000139756,0.000251663,-0.000574692,0.000557081,0,0,0,0,0,0,0,0,0,0,0,0,0,0,0,0,0,0,0,0,0,0,0,0,0,0,0,0,0,0,0,0,0,0,0,0,0,0,0,0,0,0,0,0,0,0,0,0,0,0,0,0,2,0,0,0,0,0,1.415,0.1182,2.7007,0,0,0,0,0,0,0,-0,0,1.60725,0,0,0,0,0,0,0,0,0,0,0,0,0,0,0,0,0,0,0,0,0,0,0,0,0,0,0,0,0,0,0,0,0
4.25,0,0,0,0,0,0,3.11938,2.03777,-2.60346,6.10439e-05,-0.000280802,0.000348141,0.000237794,-0.00126944,0.00133487,0,0,0,0,0,0,0,0,0,0,0,0,0,0,0,0,0,0,0,0,0,0,0,0,0,0,0,0,0,0,0,0,0,0,0,0,0,0,0,0,1.74887,1.19814,0.0372301,6.10441e-05,-0.000118425,0.000139756,0.000251663,-0.000574692,0.000557081,0,0,0,0,0,0,0,0,0,0,0,0,0,0,0,0,0,0,0,0,0,0,0,0,0,0,0,0,0,0,0,0,0,0,0,0,0,0,0,0,0,0,0,0,0,0,0,0,0,0,0,0,2,0,0,0,0,0,1.415,0.1182,2.7007,0,0,0,0,0,0,0,-0,0,1.60725,0,0,0,0,0,0,0,0,0,0,0,0,0,0,0,0,0,0,0,0,0,0,0,0,0,0,0,0,0,0,0,0,0
4.3,0,0,0,0,0,0,3.11938,2.03778,-2.60345,-7.08138e-05,8.54649e-05,0.00012877,-0.000364227,0.000454962,0.000240628,0,0,0,0,0,0,0,0,0,0,0,0,0,0,0,0,0,0,0,0,0,0,0,0,0,0,0,0,0,0,0,0,0,0,0,0,0,0,0,0,1.74887,1.19814,0.0372141,-4.63953e-05,1.22093e-06,-0.000160366,-0.00019556,6.66223e-05,-0.000792495,0,0,0,0,0,0,0,0,0,0,0,0,0,0,0,0,0,0,0,0,0,0,0,0,0,0,0,0,0,0,0,0,0,0,0,0,0,0,0,0,0,0,0,0,0,0,0,0,0,0,0,0,2,0,0,0,0,0,1.415,0.1182,2.7007,0,0,0,0,0,0,0,-0,0,1.60726,0,0,0,0,0,0,0,0,0,0,0,0,0,0,0,0,0,0,0,0,0,0,0,0,0,0,0,0,0,0,0,0,0
4.35,0,0,0,0,0,0,3.11938,2.03778,-2.60345,-7.08138e-05,8.54649e-05,0.00012877,-0.000364227,0.000454962,0.000240628,0,0,0,0,0,0,0,0,0,0,0,0,0,0,0,0,0,0,0,0,0,0,0,0,0,0,0,0,0,0,0,0,0,0,0,0,0,0,0,0,1.74887,1.19814,0.0372141,-4.63953e-05,1.22093e-06,-0.000160366,-0.00019556,6.66223e-05,-0.000792495,0,0,0,0,0,0,0,0,0,0,0,0,0,0,0,0,0,0,0,0,0,0,0,0,0,0,0,0,0,0,0,0,0,0,0,0,0,0,0,0,0,0,0,0,0,0,0,0,0,0,0,0,2,0,0,0,0,0,1.3549,0.0581,2.6406,0,0,0,0,0,0,0,-0,0,1.60726,0,0,0,0,0,0,0,0,0,0,0,0,0,0,0,0,0,0,0,0,0,0,0,0,0,0,0,0,0,0,0,0,0
4.4,0,0,0,0,0,0,3.11937,2.03779,-2.60348,-9.7658e-06,9.27751e-05,-0.000262265,-5.62925e-05,0.000535864,-0.00156608,0,0,0,0,0,0,0,0,0,0,0,0,0,0,0,0,0,0,0,0,0,0,0,0,0,0,0,0,0,0,0,0,0,0,0,0,0,0,0,0,1.74887,1.19815,0.0371927,-1.22073e-05,7.20228e-05,-0.000214096,-4.13763e-05,0.000409729,-0.000873305,0,0,0,0,0,0,0,0,0,0,0,0,0,0,0,0,0,0,0,0,0,0,0,0,0,0,0,0,0,0,0,0,0,0,0,0,0,0,0,0,0,0,0,0,0,0,0,0,0,0,0,0,2,0,0,0,0,0,1.3549,0.0581,2.6406,0,0,0,0,0,0,0,-0,0,1.60726,0,0,0,0,0,0,0,0,0,0,0,0,0,0,0,0,0,0,0,0,0,0,0,0,0,0,0,0,0,0,0,0,0
4.45,0,0,0,0,0,0,3.11937,2.03779,-2.60348,-9.7658e-06,9.27751e-05,-0.000262265,-5.62925e-05,0.000535864,-0.00156608,0,0,0,0,0,0,0,0,0,0,0,0,0,0,0,0,0,0,0,0,0,0,0,0,0,0,0,0,0,0,0,0,0,0,0,0,0,0,0,0,1.74887,1.19815,0.0371927,-1.22073e-05,7.20228e-05,-0.000214096,-4.13763e-05,0.000409729,-0.000873305,0,0,0,0,0,0,0,0,0,0,0,0,0,0,0,0,0,0,0,0,0,0,0,0,0,0,0,0,0,0,0,0,0,0,0,0,0,0,0,0,0,0,0,0,0,0,0,0,0,0,0,0,2,0,0,0,0,0,1.3549,0.0581,2.6406,0,0,0,0,0,0,0,-0,0,1.60726,0,0,0,0,0,0,0,0,0,0,0,0,0,0,0,0,0,0,0,0,0,0,0,0,0,0,0,0,0,0,0,0,0
4.5,0,0,0,0,0,0,3.11938,2.03779,-2.60347,8.5452e-05,4.76089e-05,3.81482e-05,0.000388353,0.00015222,1.54898e-05,0,0,0,0,0,0,0,0,0,0,0,0,0,0,0,0,0,0,0,0,0,0,0,0,0,0,0,0,0,0,0,0,0,0,0,0,0,0,0,0,1.74887,1.19815,0.0372112,3.41807e-05,-1.83111e-05,0.000185153,0.000181385,-6.84963e-05,0.00106003,0,0,0,0,0,0,0,0,0,0,0,0,0,0,0,0,0,0,0,0,0,0,0,0,0,0,0,0,0,0,0,0,0,0,0,0,0,0,0,0,0,0,0,0,0,0,0,0,0,0,0,0,2,0,0,0,0,0,1.3549,0.0581,2.6406,0,0,0,0,0,0,0,-0,0,1.60726,0,0,0,0,0,0,0,0,0,0,0,0,0,0,0,0,0,0,0,0,0,0,0,0,0,0,0,0,0,0,0,0,0
4.55,0,0,0,0,0,0,3.11938,2.03779,-2.60347,8.5452e-05,4.76089e-05,3.81482e-05,0.000388353,0.00015222,1.54898e-05,0,0,0,0,0,0,0,0,0,0,0,0,0,0,0,0,0,0,0,0,0,0,0,0,0,0,0,0,0,0,0,0,0,0,0,0,0,0,0,0,1.74887,1.19815,0.0372112,3.41807e-05,-1.83111e-05,0.000185153,0.000181385,-6.84963e-05,0.00106003,0,0,0,0,0,0,0,0,0,0,0,0,0,0,0,0,0,0,0,0,0,0,0,0,0,0,0,0,0,0,0,0,0,0,0,0,0,0,0,0,0,0,0,0,0,0,0,0,0,0,0,0,2,0,0,0,0,0,1.355,0.0582,2.6407,0,0,0,0,0,0,0,-0,0,1.60726,0,0,0,0,0,0,0,0,0,0,0,0,0,0,0,0,0,0,0,0,0,0,0,0,0,0,0,0,0,0,0,0,0
4.6,0,0,0,0,0,0,3.11938,2.03778,-2.60353,4.88349e-06,-7.81359e-05,-0.000538901,-2.85667e-05,-0.000462963,-0.00208235,0,0,0,0,0,0,0,0,0,0,0,0,0,0,0,0,0,0,0,0,0,0,0,0,0,0,0,0,0,0,0,0,0,0,0,0,0,0,0,0,1.74887,1.19814,0.0372024,-2.808e-05,-0.000104995,-8.74819e-05,-0.000109715,-0.000452212,-0.000191218,0,0,0,0,0,0,0,0,0,0,0,0,0,0,0,0,0,0,0,0,0,0,0,0,0,0,0,0,0,0,0,0,0,0,0,0,0,0,0,0,0,0,0,0,0,0,0,0,0,0,0,0,2,0,0,0,0,0,1.355,0.0582,2.6407,0,0,0,0,0,0,0,-0,0,1.60727,0,0,0,0,0,0,0,0,0,0,0,0,0,0,0,0,0,0,0,0,0,0,0,0,0,0,0,0,0,0,0,0,0
4.65,0,0,0,0,0,0,3.11938,2.03778,-2.60353,4.88349e-06,-7.81359e-05,-0.000538901,-2.85667e-05,-0.000462963,-0.00208235,0,0,0,0,0,0,0,0,0,0,0,0,0,0,0,0,0,0,0,0,0,0,0,0,0,0,0,0,0,0,0,0,0,0,0,0,0,0,0,0,1.74887,1.19814,0.0372024,-2.808e-05,-0.000104995,-8.74819e-05,-0.000109715,-0.000452212,-0.000191218,0,0,0,0,0,0,0,0,0,0,0,0,0,0,0,0,0,0,0,0,0,0,0,0,0,0,0,0,0,0,0,0,0,0,0,0,0,0,0,0,0,0,0,0,0,0,0,0,0,0,0,0,2,0,0,0,0,0,1.355,0.0582,2.6407,0,0,0,0,0,0,0,-0,0,1.60727,0,0,0,0,0,0,0,0,0,0,0,0,0,0,0,0,0,0,0,0,0,0,0,0,0,0,0,0,0,0,0,0,0
4.7,0,0,0,0,0,0,3.11938,2.0378,-2.60347,-4.88269e-05,0.000211176,0.000524508,-0.000288195,0.000794754,0.00271469,0,0,0,0,0,0,0,0,0,0,0,0,0,0,0,0,0,0,0,0,0,0,0,0,0,0,0,0,0,0,0,0,0,0,0,0,0,0,0,0,1.74887,1.19816,0.0372193,3.41788e-05,0.000178218,0.000168528,0.000143486,0.000808158,0.00073876,0,0,0,0,0,0,0,0,0,0,0,0,0,0,0,0,0,0,0,0,0,0,0,0,0,0,0,0,0,0,0,0,0,0,0,0,0,0,0,0,0,0,0,0,0,0,0,0,0,0,0,0,2,0,0,0,0,0,1.355,0.0582,2.6407,0,0,0,0,0,0,0,-0,0,1.60726,0,0,0,0,0,0,0,0,0,0,0,0,0,0,0,0,0,0,0,0,0,0,0,0,0,0,0,0,0,0,0,0,0
4.75,0,0,0,0,0,0,3.11938,2.0378,-2.60347,-4.88269e-05,0.000211176,0.000524508,-0.000288195,0.000794754,0.00271469,0,0,0,0,0,0,0,0,0,0,0,0,0,0,0,0,0,0,0,0,0,0,0,0,0,0,0,0,0,0,0,0,0,0,0,0,0,0,0,0,1.74887,1.19816,0.0372193,3.41788e-05,0.000178218,0.000168528,0.000143486,0.000808158,0.00073876,0,0,0,0,0,0,0,0,0,0,0,0,0,0,0,0,0,0,0,0,0,0,0,0,0,0,0,0,0,0,0,0,0,0,0,0,0,0,0,0,0,0,0,0,0,0,0,0,0,0,0,0,2,0,0,0,0,0,1.303,0.0062,2.5887,0,0,0,0,0,0,0,-0,0,1.60726,0,0,0,0,0,0,0,0,0,0,0,0,0,0,0,0,0,0,0,0,0,0,0,0,0,0,0,0,0,0,0,0,0
4.8,0,0,0,0,0,0,3.11938,2.03778,-2.60349,-9.7674e-06,-0.00023808,-0.000200308,-5.21062e-05,-0.0011477,-0.000616913,0,0,0,0,0,0,0,0,0,0,0,0,0,0,0,0,0,0,0,0,0,0,0,0,0,0,0,0,0,0,0,0,0,0,0,0,0,0,0,0,1.74888,1.19814,0.0372172,6.59301e-05,-0.000216104,-2.13498e-05,0.000247284,-0.000919771,-0.000189274,0,0,0,0,0,0,0,0,0,0,0,0,0,0,0,0,0,0,0,0,0,0,0,0,0,0,0,0,0,0,0,0,0,0,0,0,0,0,0,0,0,0,0,0,0,0,0,0,0,0,0,0,2,0,0,0,0,0,1.303,0.0062,2.5887,0,0,0,0,0,0,0,-0,0,1.60726,0,0,0,0,0,0,0,0,0,0,0,0,0,0,0,0,0,0,0,0,0,0,0,0,0,0,0,0,0,0,0,0,0
4.85,0,0,0,0,0,0,3.11938,2.03778,-2.60349,-9.7674e-06,-0.00023808,-0.000200308,-5.21062e-05,-0.0011477,-0.000616913,0,0,0,0,0,0,0,0,0,0,0,0,0,0,0,0,0,0,0,0,0,0,0,0,0,0,0,0,0,0,0,0,0,0,0,0,0,0,0,0,1.74888,1.19814,0.0372172,6.59301e-05,-0.000216104,-2.13498e-05,0.000247284,-0.000919771,-0.000189274,0,0,0,0,0,0,0,0,0,0,0,0,0,0,0,0,0,0,0,0,0,0,0,0,0,0,0,0,0,0,0,0,0,0,0,0,0,0,0,0,0,0,0,0,0,0,0,0,0,0,0,0,2,0,0,0,0,0,1.303,0.0062,2.5887,0,0,0,0,0,0,0,-0,0,1.60726,0,0,0,0,0,0,0,0,0,0,0,0,0,0,0,0,0,0,0,0,0,0,0,0,0,0,0,0,0,0,0,0,0
4.9,0,0,0,0,0,0,3.11938,2.03779,-2.6035,-9.76488e-06,0.00010009,-4.05281e-05,6.69231e-07,0.000399121,-0.000182975,0,0,0,0,0,0,0,0,0,0,0,0,0,0,0,0,0,0,0,0,0,0,0,0,0,0,0,0,0,0,0,0,0,0,0,0,0,0,0,0,1.74887,1.19815,0.03722,-7.68984e-05,0.000184312,2.84963e-05,-0.00040815,0.000813741,-4.00805e-05,0,0,0,0,0,0,0,0,0,0,0,0,0,0,0,0,0,0,0,0,0,0,0,0,0,0,0,0,0,0,0,0,0,0,0,0,0,0,0,0,0,0,0,0,0,0,0,0,0,0,0,0,2,0,0,0,0,0,1.303,0.0062,2.5887,0,0,0,0,0,0,0,-0,0,1.60726,0,0,0,0,0,0,0,0,0,0,0,0,0,0,0,0,0,0,0,0,0,0,0,0,0,0,0,0,0,0,0,0,0
4.95,0,0,0,0,0,0,3.11938,2.03779,-2.6035,-9.76488e-06,0.00010009,-4.05281e-05,6.69231e-07,0.000399121,-0.000182975,0,0,0,0,0,0,0,0,0,0,0,0,0,0,0,0,0,0,0,0,0,0,0,0,0,0,0,0,0,0,0,0,0,0,0,0,0,0,0,0,1.74887,1.19815,0.03722,-7.68984e-05,0.000184312,2.84963e-05,-0.00040815,0.000813741,-4.00805e-05,0,0,0,0,0,0,0,0,0,0,0,0,0,0,0,0,0,0,0,0,0,0,0,0,0,0,0,0,0,0,0,0,0,0,0,0,0,0,0,0,0,0,0,0,0,0,0,0,0,0,0,0,2,0,0,0,0,0,1.3528,0.0561,2.6386,0,0,0,0,0,0,0,-0,0,1.60726,0,0,0,0,0,0,0,0,0,0,0,0,0,0,0,0,0,0,0,0,0,0,0,0,0,0,0,0,0,0,0,0,0
5,0,0,0,0,0,0,3.11938,2.03779,-2.60347,-9.76811e-06,3.90724e-05,0.000250403,7.54123e-06,0.000205187,0.00111135,0,0,0,0,0,0,0,0,0,0,0,0,0,0,0,0,0,0,0,0,0,0,0,0,0,0,0,0,0,0,0,0,0,0,0,0,0,0,0,0,1.74887,1.19815,0.0372176,9.76812e-06,-7.20399e-05,-2.43324e-05,1.25276e-05,-0.00030111,-0.000214975,0,0,0,0,0,0,0,0,0,0,0,0,0,0,0,0,0,0,0,0,0,0,0,0,0,0,0,0,0,0,0,0,0,0,0,0,0,0,0,0,0,0,0,0,0,0,0,0,0,0,0,0,2,0,0,0,0,0,1.3528,0.0561,2.6386,0,0,0,0,0,0,0,-0,0,1.60726,0,0,0,0,0,0,0,0,0,0,0,0,0,0,0,0,0,0,0,0,0,0,0,0,0,0,0,0,0,0,0,0,0
5.05,0,0,0,0,0,0,3.11938,2.03779,-2.60347,-9.76811e-06,3.90724e-05,0.000250403,7.54123e-06,0.000205187,0.00111135,0,0,0,0,0,0,0,0,0,0,0,0,0,0,0,0,0,0,0,0,0,0,0,0,0,0,0,0,0,0,0,0,0,0,0,0,0,0,0,0,1.74887,1.19815,0.0372176,9.76812e-06,-7.20399e-05,-2.43324e-05,1.25276e-05,-0.00030111,-0.000214975,0,0,0,0,0,0,0,0,0,0,0,0,0,0,0,0,0,0,0,0,0,0,0,0,0,0,0,0,0,0,0,0,0,0,0,0,0,0,0,0,0,0,0,0,0,0,0,0,0,0,0,0,2,0,0,0,0,0,1.3528,0.0561,2.6386,0,0,0,0,0,0,0,-0,0,1.60726,0,0,0,0,0,0,0,0,0,0,0,0,0,0,0,0,0,0,0,0,0,0,0,0,0,0,0,0,0,0,0,0,0
5.1,0,0,0,0,0,0,3.11938,2.03779,-2.60347,-9.76811e-06,3.90724e-05,0.000250403,7.54123e-06,0.000205187,0.00111135,0,0,0,0,0,0,0,0,0,0,0,0,0,0,0,0,0,0,0,0,0,0,0,0,0,0,0,0,0,0,0,0,0,0,0,0,0,0,0,0,1.74887,1.19815,0.0372176,9.76812e-06,-7.20399e-05,-2.43324e-05,1.25276e-05,-0.00030111,-0.000214975,0,0,0,0,0,0,0,0,0,0,0,0,0,0,0,0,0,0,0,0,0,0,0,0,0,0,0,0,0,0,0,0,0,0,0,0,0,0,0,0,0,0,0,0,0,0,0,0,0,0,0,0,2,0,0,0,0,0,1.3528,0.0561,2.6386,0,0,0,0,0,0,0,-0,0,1.60726,0,0,0,0,0,0,0,0,0,0,0,0,0,0,0,0,0,0,0,0,0,0,0,0,0,0,0,0,0,0,0,0,0
5.15,0,0,0,0,0,0,3.11938,2.03779,-2.60347,-9.76811e-06,3.90724e-05,0.000250403,7.54123e-06,0.000205187,0.00111135,0,0,0,0,0,0,0,0,0,0,0,0,0,0,0,0,0,0,0,0,0,0,0,0,0,0,0,0,0,0,0,0,0,0,0,0,0,0,0,0,1.74887,1.19815,0.0372176,9.76812e-06,-7.20399e-05,-2.43324e-05,1.25276e-05,-0.00030111,-0.000214975,0,0,0,0,0,0,0,0,0,0,0,0,0,0,0,0,0,0,0,0,0,0,0,0,0,0,0,0,0,0,0,0,0,0,0,0,0,0,0,0,0,0,0,0,0,0,0,0,0,0,0,0,2,0,0,0,0,0,1.3033,0.0066,2.5891,0,0,0,0,0,0,0,-0,0,1.60726,0,0,0,0,0,0,0,0,0,0,0,0,0,0,0,0,0,0,0,0,0,0,0,0,0,0,0,0,0,0,0,0,0
5.2,0,0,0,0,0,0,3.11936,2.03777,-2.60343,-0.000175788,-0.000266124,0.000448245,-0.000657922,-0.00112249,0.00163318,0,0,0,0,0,0,0,0,0,0,0,0,0,0,0,0,0,0,0,0,0,0,0,0,0,0,0,0,0,0,0,0,0,0,0,0,0,0,0,0,1.74887,1.19815,0.037159,-5.00508e-05,7.8128e-05,-0.000585527,-0.00017456,0.0002683,-0.00239516,0,0,0,0,0,0,0,0,0,0,0,0,0,0,0,0,0,0,0,0,0,0,0,0,0,0,0,0,0,0,0,0,0,0,0,0,0,0,0,0,0,0,0,0,0,0,0,0,0,0,0,0,2,0,0,0,0,0,1.3033,0.0066,2.5891,0,0,0,0,0,0,0,-0,0,1.60723,0,0,0,0,0,0,0,0,0,0,0,0,0,0,0,0,0,0,0,0,0,0,0,0,0,0,0,0,0,0,0,0,0
5.25,0,0,0,0,0,0,3.11936,2.03776,-2.60344,4.88179e-05,-5.36997e-05,-7.86616e-05,0.000412371,-4.90374e-06,-0.00105419,0,0,0,0,0,0,0,0,0,0,0,0,0,0,0,0,0,0,0,0,0,0,0,0,0,0,0,0,0,0,0,0,0,0,0,0,0,0,0,0,1.74887,1.19815,0.0371759,-2.44089e-06,-6.22426e-05,0.000169018,6.01037e-05,-0.000322721,0.00128179,0,0,0,0,0,0,0,0,0,0,0,0,0,0,0,0,0,0,0,0,0,0,0,0,0,0,0,0,0,0,0,0,0,0,0,0,0,0,0,0,0,0,0,0,0,0,0,0,0,0,0,0,2,0,0,0,0,0,1.3033,0.0066,2.5891,0,0,0,0,0,0,0,-0,0,1.60724,0,0,0,0,0,0,0,0,0,0,0,0,0,0,0,0,0,0,0,0,0,0,0,0,0,0,0,0,0,0,0,0,0
5.3,0,0,0,0,0,0,3.11936,2.03776,-2.60344,4.88179e-05,-5.36997e-05,-7.86616e-05,0.000412371,-4.90374e-06,-0.00105419,0,0,0,0,0,0,0,0,0,0,0,0,0,0,0,0,0,0,0,0,0,0,0,0,0,0,0,0,0,0,0,0,0,0,0,0,0,0,0,0,1.74887,1.19815,0.0371759,-2.44089e-06,-6.22426e-05,0.000169018,6.01037e-05,-0.000322721,0.00128179,0,0,0,0,0,0,0,0,0,0,0,0,0,0,0,0,0,0,0,0,0,0,0,0,0,0,0,0,0,0,0,0,0,0,0,0,0,0,0,0,0,0,0,0,0,0,0,0,0,0,0,0,2,0,0,0,0,0,1.3033,0.0066,2.5891,0,0,0,0,0,0,0,-0,0,1.60724,0,0,0,0,0,0,0,0,0,0,0,0,0,0,0,0,0,0,0,0,0,0,0,0,0,0,0,0,0,0,0,0,0
5.35,0,0,0,0,0,0,3.11936,2.03776,-2.60344,4.88179e-05,-5.36997e-05,-7.86616e-05,0.000412371,-4.90374e-06,-0.00105419,0,0,0,0,0,0,0,0,0,0,0,0,0,0,0,0,0,0,0,0,0,0,0,0,0,0,0,0,0,0,0,0,0,0,0,0,0,0,0,0,1.74887,1.19815,0.0371759,-2.44089e-06,-6.22426e-05,0.000169018,6.01037e-05,-0.000322721,0.00128179,0,0,0,0,0,0,0,0,0,0,0,0,0,0,0,0,0,0,0,0,0,0,0,0,0,0,0,0,0,0,0,0,0,0,0,0,0,0,0,0,0,0,0,0,0,0,0,0,0,0,0,0,2,0,0,0,0,0,1.3549,0.0581,2.6406,0,0,0,0,0,0,0,-0,0,1.60724,0,0,0,0,0,0,0,0,0,0,0,0,0,0,0,0,0,0,0,0,0,0,0,0,0,0,0,0,0,0,0,0,0
5.4,0,0,0,0,0,0,3.11937,2.03777,-2.60345,3.90772e-05,7.93756e-05,-0.000116869,0.000353501,0.000680079,-0.00114931,0,0,0,0,0,0,0,0,0,0,0,0,0,0,0,0,0,0,0,0,0,0,0,0,0,0,0,0,0,0,0,0,0,0,0,0,0,0,0,0,1.74887,1.19816,0.0371817,-1.22117e-06,8.54817e-05,5.77267e-05,7.2727e-05,0.000316529,0.000822474,0,0,0,0,0,0,0,0,0,0,0,0,0,0,0,0,0,0,0,0,0,0,0,0,0,0,0,0,0,0,0,0,0,0,0,0,0,0,0,0,0,0,0,0,0,0,0,0,0,0,0,0,2,0,0,0,0,0,1.3549,0.0581,2.6406,0,0,0,0,0,0,0,-0,0,1.60724,0,0,0,0,0,0,0,0,0,0,0,0,0,0,0,0,0,0,0,0,0,0,0,0,0,0,0,0,0,0,0,0,0
5.45,0,0,0,0,0,0,3.11936,2.03776,-2.60347,-2.44141e-05,-9.39942e-05,-0.000267029,-4.93526e-05,-0.000191606,-0.00130312,0,0,0,0,0,0,0,0,0,0,0,0,0,0,0,0,0,0,0,0,0,0,0,0,0,0,0,0,0,0,0,0,0,0,0,0,0,0,0,0,1.74888,1.19815,0.0372624,9.64357e-05,-2.92969e-05,0.000806825,0.000435589,-0.000181961,0.003425,0,0,0,0,0,0,0,0,0,0,0,0,0,0,0,0,0,0,0,0,0,0,0,0,0,0,0,0,0,0,0,0,0,0,0,0,0,0,0,0,0,0,0,0,0,0,0,0,0,0,0,0,2,0,0,0,0,0,1.3549,0.0581,2.6406,0,0,0,0,0,0,0,-0,0,1.60723,0,0,0,0,0,0,0,0,0,0,0,0,0,0,0,0,0,0,0,0,0,0,0,0,0,0,0,0,0,0,0,0,0
5.5,0,0,0,0,0,0,3.11937,2.03776,-2.60345,1.46466e-05,2.4411e-06,0.000250308,7.19047e-05,0.000152288,0.001264,0,0,0,0,0,0,0,0,0,0,0,0,0,0,0,0,0,0,0,0,0,0,0,0,0,0,0,0,0,0,0,0,0,0,0,0,0,0,0,0,1.74887,1.19815,0.0371781,-7.3233e-05,-7.81152e-05,-0.000843188,-0.000367318,-0.000371819,-0.00418452,0,0,0,0,0,0,0,0,0,0,0,0,0,0,0,0,0,0,0,0,0,0,0,0,0,0,0,0,0,0,0,0,0,0,0,0,0,0,0,0,0,0,0,0,0,0,0,0,0,0,0,0,2,0,0,0,0,0,1.3549,0.0581,2.6406,0,0,0,0,0,0,0,-0,0,1.60724,0,0,0,0,0,0,0,0,0,0,0,0,0,0,0,0,0,0,0,0,0,0,0,0,0,0,0,0,0,0,0,0,0
5.55,0,0,0,0,0,0,3.11937,2.03776,-2.60345,1.46466e-05,2.4411e-06,0.000250308,7.19047e-05,0.000152288,0.001264,0,0,0,0,0,0,0,0,0,0,0,0,0,0,0,0,0,0,0,0,0,0,0,0,0,0,0,0,0,0,0,0,0,0,0,0,0,0,0,0,1.74887,1.19815,0.0371781,-7.3233e-05,-7.81152e-05,-0.000843188,-0.000367318,-0.000371819,-0.00418452,0,0,0,0,0,0,0,0,0,0,0,0,0,0,0,0,0,0,0,0,0,0,0,0,0,0,0,0,0,0,0,0,0,0,0,0,0,0,0,0,0,0,0,0,0,0,0,0,0,0,0,0,2,0,0,0,0,0,1.3848,0.088,2.6705,0,0,0,0,0,0,0,-0,0,1.60724,0,0,0,0,0,0,0,0,0,0,0,0,0,0,0,0,0,0,0,0,0,0,0,0,0,0,0,0,0,0,0,0,0
5.6,0,0,0,0,0,0,3.11937,2.03776,-2.60346,2.44199e-06,9.76797e-06,-0.000159779,1.08113e-05,0.000167257,-0.000532315,0,0,0,0,0,0,0,0,0,0,0,0,0,0,0,0,0,0,0,0,0,0,0,0,0,0,0,0,0,0,0,0,0,0,0,0,0,0,0,0,1.74886,1.19815,0.0371588,-3.78509e-05,1.83149e-05,-0.000192979,-0.000187798,0.000136394,-0.00094391,0,0,0,0,0,0,0,0,0,0,0,0,0,0,0,0,0,0,0,0,0,0,0,0,0,0,0,0,0,0,0,0,0,0,0,0,0,0,0,0,0,0,0,0,0,0,0,0,0,0,0,0,2,0,0,0,0,0,1.3848,0.088,2.6705,0,0,0,0,0,0,0,-0,0,1.60724,0,0,0,0,0,0,0,0,0,0,0,0,0,0,0,0,0,0,0,0,0,0,0,0,0,0,0,0,0,0,0,0,0
5.65,0,0,0,0,0,0,3.11937,2.03776,-2.60346,2.44199e-06,9.76797e-06,-0.000159779,1.08113e-05,0.000167257,-0.000532315,0,0,0,0,0,0,0,0,0,0,0,0,0,0,0,0,0,0,0,0,0,0,0,0,0,0,0,0,0,0,0,0,0,0,0,0,0,0,0,0,1.74886,1.19815,0.0371588,-3.78509e-05,1.83149e-05,-0.000192979,-0.000187798,0.000136394,-0.00094391,0,0,0,0,0,0,0,0,0,0,0,0,0,0,0,0,0,0,0,0,0,0,0,0,0,0,0,0,0,0,0,0,0,0,0,0,0,0,0,0,0,0,0,0,0,0,0,0,0,0,0,0,2,0,0,0,0,0,1.3848,0.088,2.6705,0,0,0,0,0,0,0,-0,0,1.60724,0,0,0,0,0,0,0,0,0,0,0,0,0,0,0,0,0,0,0,0,0,0,0,0,0,0,0,0,0,0,0,0,0
5.7,0,0,0,0,0,0,3.11936,2.03777,-2.60347,-2.44105e-05,6.34672e-05,-2.38384e-05,-0.000109072,0.000317033,-1.96426e-05,0,0,0,0,0,0,0,0,0,0,0,0,0,0,0,0,0,0,0,0,0,0,0,0,0,0,0,0,0,0,0,0,0,0,0,0,0,0,0,0,1.74887,1.19815,0.0371817,5.61441e-05,1.46463e-05,0.000228997,0.000287089,0.000136022,0.00155774,0,0,0,0,0,0,0,0,0,0,0,0,0,0,0,0,0,0,0,0,0,0,0,0,0,0,0,0,0,0,0,0,0,0,0,0,0,0,0,0,0,0,0,0,0,0,0,0,0,0,0,0,2,0,0,0,0,0,1.3848,0.088,2.6705,0,0,0,0,0,0,0,-0,0,1.60724,0,0,0,0,0,0,0,0,0,0,0,0,0,0,0,0,0,0,0,0,0,0,0,0,0,0,0,0,0,0,0,0,0
5.75,0,0,0,0,0,0,3.11936,2.03777,-2.60347,-2.44105e-05,6.34672e-05,-2.38384e-05,-0.000109072,0.000317033,-1.96426e-05,0,0,0,0,0,0,0,0,0,0,0,0,0,0,0,0,0,0,0,0,0,0,0,0,0,0,0,0,0,0,0,0,0,0,0,0,0,0,0,0,1.74887,1.19815,0.0371817,5.61441e-05,1.46463e-05,0.000228997,0.000287089,0.000136022,0.00155774,0,0,0,0,0,0,0,0,0,0,0,0,0,0,0,0,0,0,0,0,0,0,0,0,0,0,0,0,0,0,0,0,0,0,0,0,0,0,0,0,0,0,0,0,0,0,0,0,0,0,0,0,2,0,0,0,0,0,1.4039,0.1071,2.6896,0,0,0,0,0,0,0,-0,0,1.60724,0,0,0,0,0,0,0,0,0,0,0,0,0,0,0,0,0,0,0,0,0,0,0,0,0,0,0,0,0,0,0,0,0
5.8,0,0,0,0,0,0,3.11936,2.03776,-2.60347,-3.17439e-05,-9.64527e-05,1.19231e-05,-0.000111003,-0.000428399,0.000200525,0,0,0,0,0,0,0,0,0,0,0,0,0,0,0,0,0,0,0,0,0,0,0,0,0,0,0,0,0,0,0,0,0,0,0,0,0,0,0,0,1.74887,1.19814,0.03717,-4.88368e-05,-5.98251e-05,-0.000116809,-0.000182841,-0.000215949,-0.000107885,0,0,0,0,0,0,0,0,0,0,0,0,0,0,0,0,0,0,0,0,0,0,0,0,0,0,0,0,0,0,0,0,0,0,0,0,0,0,0,0,0,0,0,0,0,0,0,0,0,0,0,0,2,0,0,0,0,0,1.4039,0.1071,2.6896,0,0,0,0,0,0,0,-0,0,1.60724,0,0,0,0,0,0,0,0,0,0,0,0,0,0,0,0,0,0,0,0,0,0,0,0,0,0,0,0,0,0,0,0,0
5.85,0,0,0,0,0,0,3.11936,2.03776,-2.60347,-3.17439e-05,-9.64527e-05,1.19231e-05,-0.000111003,-0.000428399,0.000200525,0,0,0,0,0,0,0,0,0,0,0,0,0,0,0,0,0,0,0,0,0,0,0,0,0,0,0,0,0,0,0,0,0,0,0,0,0,0,0,0,1.74887,1.19814,0.03717,-4.88368e-05,-5.98251e-05,-0.000116809,-0.000182841,-0.000215949,-0.000107885,0,0,0,0,0,0,0,0,0,0,0,0,0,0,0,0,0,0,0,0,0,0,0,0,0,0,0,0,0,0,0,0,0,0,0,0,0,0,0,0,0,0,0,0,0,0,0,0,0,0,0,0,2,0,0,0,0,0,1.4039,0.1071,2.6896,0,0,0,0,0,0,0,-0,0,1.60724,0,0,0,0,0,0,0,0,0,0,0,0,0,0,0,0,0,0,0,0,0,0,0,0,0,0,0,0,0,0,0,0,0
5.9,0,0,0,0,0,0,3.11937,2.03776,-2.60344,6.34743e-05,6.1033e-06,0.000216953,0.000313539,5.1636e-05,0.000969456,0,0,0,0,0,0,0,0,0,0,0,0,0,0,0,0,0,0,0,0,0,0,0,0,0,0,0,0,0,0,0,0,0,0,0,0,0,0,0,0,1.74888,1.19815,0.0372503,0.000169672,7.56809e-05,0.000802921,0.000699709,0.000364123,0.0033848,0,0,0,0,0,0,0,0,0,0,0,0,0,0,0,0,0,0,0,0,0,0,0,0,0,0,0,0,0,0,0,0,0,0,0,0,0,0,0,0,0,0,0,0,0,0,0,0,0,0,0,0,2,0,0,0,0,0,1.4039,0.1071,2.6896,0,0,0,0,0,0,0,-0,0,1.60722,0,0,0,0,0,0,0,0,0,0,0,0,0,0,0,0,0,0,0,0,0,0,0,0,0,0,0,0,0,0,0,0,0
5.95,0,0,0,0,0,0,3.11937,2.03776,-2.60344,6.34743e-05,6.1033e-06,0.000216953,0.000313539,5.1636e-05,0.000969456,0,0,0,0,0,0,0,0,0,0,0,0,0,0,0,0,0,0,0,0,0,0,0,0,0,0,0,0,0,0,0,0,0,0,0,0,0,0,0,0,1.74888,1.19815,0.0372503,0.000169672,7.56809e-05,0.000802921,0.000699709,0.000364123,0.0033848,0,0,0,0,0,0,0,0,0,0,0,0,0,0,0,0,0,0,0,0,0,0,0,0,0,0,0,0,0,0,0,0,0,0,0,0,0,0,0,0,0,0,0,0,0,0,0,0,0,0,0,0,2,0,0,0,0,0,1.3549,0.0581,2.6407,0,0,0,0,0,0,0,-0,0,1.60722,0,0,0,0,0,0,0,0,0,0,0,0,0,0,0,0,0,0,0,0,0,0,0,0,0,0,0,0,0,0,0,0,0
6,0,0,0,0,0,0,3.11937,2.03777,-2.60346,0,0.000148873,-0.000188284,-7.91819e-06,0.000666652,-0.000933358,0,0,0,0,0,0,0,0,0,0,0,0,0,0,0,0,0,0,0,0,0,0,0,0,0,0,0,0,0,0,0,0,0,0,0,0,0,0,0,0,1.74887,1.19815,0.0372022,-0.000162296,2.44054e-05,-0.000480579,-0.000786968,9.2244e-05,-0.00262382,0,0,0,0,0,0,0,0,0,0,0,0,0,0,0,0,0,0,0,0,0,0,0,0,0,0,0,0,0,0,0,0,0,0,0,0,0,0,0,0,0,0,0,0,0,0,0,0,0,0,0,0,2,0,0,0,0,0,1.3549,0.0581,2.6407,0,0,0,0,0,0,0,-0,0,1.60724,0,0,0,0,0,0,0,0,0,0,0,0,0,0,0,0,0,0,0,0,0,0,0,0,0,0,0,0,0,0,0,0,0
6.05,0,0,0,0,0,0,3.11937,2.03777,-2.60346,0,0.000148873,-0.000188284,-7.91819e-06,0.000666652,-0.000933358,0,0,0,0,0,0,0,0,0,0,0,0,0,0,0,0,0,0,0,0,0,0,0,0,0,0,0,0,0,0,0,0,0,0,0,0,0,0,0,0,1.74887,1.19815,0.0372022,-0.000162296,2.44054e-05,-0.000480579,-0.000786968,9.2244e-05,-0.00262382,0,0,0,0,0,0,0,0,0,0,0,0,0,0,0,0,0,0,0,0,0,0,0,0,0,0,0,0,0,0,0,0,0,0,0,0,0,0,0,0,0,0,0,0,0,0,0,0,0,0,0,0,2,0,0,0,0,0,1.3549,0.0581,2.6407,0,0,0,0,0,0,0,-0,0,1.60724,0,0,0,0,0,0,0,0,0,0,0,0,0,0,0,0,0,0,0,0,0,0,0,0,0,0,0,0,0,0,0,0,0
6.1,0,0,0,0,0,0,3.11937,2.03777,-2.60346,0,0.000148873,-0.000188284,-7.91819e-06,0.000666652,-0.000933358,0,0,0,0,0,0,0,0,0,0,0,0,0,0,0,0,0,0,0,0,0,0,0,0,0,0,0,0,0,0,0,0,0,0,0,0,0,0,0,0,1.74887,1.19815,0.0372022,-0.000162296,2.44054e-05,-0.000480579,-0.000786968,9.2244e-05,-0.00262382,0,0,0,0,0,0,0,0,0,0,0,0,0,0,0,0,0,0,0,0,0,0,0,0,0,0,0,0,0,0,0,0,0,0,0,0,0,0,0,0,0,0,0,0,0,0,0,0,0,0,0,0,2,0,0,0,0,0,1.3549,0.0581,2.6407,0,0,0,0,0,0,0,-0,0,1.60724,0,0,0,0,0,0,0,0,0,0,0,0,0,0,0,0,0,0,0,0,0,0,0,0,0,0,0,0,0,0,0,0,0
6.15,0,0,0,0,0,0,3.11937,2.03777,-2.60347,0,-6.71764e-05,-0.000104963,-4.82556e-05,-0.000379827,-0.000484472,0,0,0,0,0,0,0,0,0,0,0,0,0,0,0,0,0,0,0,0,0,0,0,0,0,0,0,0,0,0,0,0,0,0,0,0,0,0,0,0,1.74887,1.19815,0.0371879,2.56491e-05,-6.71762e-05,-0.000143131,7.74424e-05,-0.000347347,-0.00103964,0,0,0,0,0,0,0,0,0,0,0,0,0,0,0,0,0,0,0,0,0,0,0,0,0,0,0,0,0,0,0,0,0,0,0,0,0,0,0,0,0,0,0,0,0,0,0,0,0,0,0,0,2,0,0,0,0,0,1.3162,0.0194,2.6019,0,0,0,0,0,0,0,-0,0,1.60724,0,0,0,0,0,0,0,0,0,0,0,0,0,0,0,0,0,0,0,0,0,0,0,0,0,0,0,0,0,0,0,0,0
6.2,0,0,0,0,0,0,3.11937,2.03777,-2.60347,0,-6.71764e-05,-0.000104963,-4.82556e-05,-0.000379827,-0.000484472,0,0,0,0,0,0,0,0,0,0,0,0,0,0,0,0,0,0,0,0,0,0,0,0,0,0,0,0,0,0,0,0,0,0,0,0,0,0,0,0,1.74887,1.19815,0.0371879,2.56491e-05,-6.71762e-05,-0.000143131,7.74424e-05,-0.000347347,-0.00103964,0,0,0,0,0,0,0,0,0,0,0,0,0,0,0,0,0,0,0,0,0,0,0,0,0,0,0,0,0,0,0,0,0,0,0,0,0,0,0,0,0,0,0,0,0,0,0,0,0,0,0,0,2,0,0,0,0,0,1.3162,0.0194,2.6019,0,0,0,0,0,0,0,-0,0,1.60724,0,0,0,0,0,0,0,0,0,0,0,0,0,0,0,0,0,0,0,0,0,0,0,0,0,0,0,0,0,0,0,0,0
6.25,0,0,0,0,0,0,3.11937,2.03776,-2.60345,-7.32563e-06,-9.40123e-05,0.000221772,-6.37047e-05,-0.000477055,0.00107514,0,0,0,0,0,0,0,0,0,0,0,0,0,0,0,0,0,0,0,0,0,0,0,0,0,0,0,0,0,0,0,0,0,0,0,0,0,0,0,0,1.74886,1.19815,0.0371959,-0.000114768,2.44188e-06,7.95504e-05,-0.000397561,1.00007e-05,0.000479545,0,0,0,0,0,0,0,0,0,0,0,0,0,0,0,0,0,0,0,0,0,0,0,0,0,0,0,0,0,0,0,0,0,0,0,0,0,0,0,0,0,0,0,0,0,0,0,0,0,0,0,0,2,0,0,0,0,0,1.3162,0.0194,2.6019,0,0,0,0,0,0,0,-0,0,1.60725,0,0,0,0,0,0,0,0,0,0,0,0,0,0,0,0,0,0,0,0,0,0,0,0,0,0,0,0,0,0,0,0,0
6.3,0,0,0,0,0,0,3.11937,2.03776,-2.60346,1.22066e-05,2.19719e-05,-7.39072e-05,3.77005e-05,0.000163789,-0.000324705,0,0,0,0,0,0,0,0,0,0,0,0,0,0,0,0,0,0,0,0,0,0,0,0,0,0,0,0,0,0,0,0,0,0,0,0,0,0,0,0,1.74886,1.19815,0.0371779,6.59155e-05,3.05164e-05,-0.000179105,0.00041891,0.00016659,-0.000539789,0,0,0,0,0,0,0,0,0,0,0,0,0,0,0,0,0,0,0,0,0,0,0,0,0,0,0,0,0,0,0,0,0,0,0,0,0,0,0,0,0,0,0,0,0,0,0,0,0,0,0,0,2,0,0,0,0,0,1.3162,0.0194,2.6019,0,0,0,0,0,0,0,-0,0,1.60724,0,0,0,0,0,0,0,0,0,0,0,0,0,0,0,0,0,0,0,0,0,0,0,0,0,0,0,0,0,0,0,0,0
6.35,0,0,0,0,0,0,3.11937,2.03776,-2.60346,1.22066e-05,2.19719e-05,-7.39072e-05,3.77005e-05,0.000163789,-0.000324705,0,0,0,0,0,0,0,0,0,0,0,0,0,0,0,0,0,0,0,0,0,0,0,0,0,0,0,0,0,0,0,0,0,0,0,0,0,0,0,0,1.74886,1.19815,0.0371779,6.59155e-05,3.05164e-05,-0.000179105,0.00041891,0.00016659,-0.000539789,0,0,0,0,0,0,0,0,0,0,0,0,0,0,0,0,0,0,0,0,0,0,0,0,0,0,0,0,0,0,0,0,0,0,0,0,0,0,0,0,0,0,0,0,0,0,0,0,0,0,0,0,2,0,0,0,0,0,1.3549,0.0581,2.6406,0,0,0,0,0,0,0,-0,0,1.60724,0,0,0,0,0,0,0,0,0,0,0,0,0,0,0,0,0,0,0,0,0,0,0,0,0,0,0,0,0,0,0,0,0
6.4,0,0,0,0,0,0,3.11937,2.03776,-2.60347,-1.70908e-05,2.68569e-05,-8.34511e-05,-8.07045e-05,0.000204612,-0.000422578,0,0,0,0,0,0,0,0,0,0,0,0,0,0,0,0,0,0,0,0,0,0,0,0,0,0,0,0,0,0,0,0,0,0,0,0,0,0,0,0,1.74887,1.19815,0.0371924,3.05193e-05,-2.92985e-05,0.000144736,0.000220604,-0.000117789,0.000831948,0,0,0,0,0,0,0,0,0,0,0,0,0,0,0,0,0,0,0,0,0,0,0,0,0,0,0,0,0,0,0,0,0,0,0,0,0,0,0,0,0,0,0,0,0,0,0,0,0,0,0,0,2,0,0,0,0,0,1.3549,0.0581,2.6406,0,0,0,0,0,0,0,-0,0,1.60724,0,0,0,0,0,0,0,0,0,0,0,0,0,0,0,0,0,0,0,0,0,0,0,0,0,0,0,0,0,0,0,0,0
6.45,0,0,0,0,0,0,3.11937,2.03776,-2.60347,-1.70908e-05,2.68569e-05,-8.34511e-05,-8.07045e-05,0.000204612,-0.000422578,0,0,0,0,0,0,0,0,0,0,0,0,0,0,0,0,0,0,0,0,0,0,0,0,0,0,0,0,0,0,0,0,0,0,0,0,0,0,0,0,1.74887,1.19815,0.0371924,3.05193e-05,-2.92985e-05,0.000144736,0.000220604,-0.000117789,0.000831948,0,0,0,0,0,0,0,0,0,0,0,0,0,0,0,0,0,0,0,0,0,0,0,0,0,0,0,0,0,0,0,0,0,0,0,0,0,0,0,0,0,0,0,0,0,0,0,0,0,0,0,0,2,0,0,0,0,0,1.3549,0.0581,2.6406,0,0,0,0,0,0,0,-0,0,1.60724,0,0,0,0,0,0,0,0,0,0,0,0,0,0,0,0,0,0,0,0,0,0,0,0,0,0,0,0,0,0,0,0,0
6.5,0,0,0,0,0,0,3.11937,2.03777,-2.60347,2.9301e-05,5.98229e-05,-1.43071e-05,0.000120883,0.000260107,9.29189e-06,0,0,0,0,0,0,0,0,0,0,0,0,0,0,0,0,0,0,0,0,0,0,0,0,0,0,0,0,0,0,0,0,0,0,0,0,0,0,0,0,1.74886,1.19815,0.0371922,-4.27307e-05,1.58714e-05,-2.34727e-06,-0.000187058,7.12707e-05,9.74946e-05,0,0,0,0,0,0,0,0,0,0,0,0,0,0,0,0,0,0,0,0,0,0,0,0,0,0,0,0,0,0,0,0,0,0,0,0,0,0,0,0,0,0,0,0,0,0,0,0,0,0,0,0,2,0,0,0,0,0,1.3549,0.0581,2.6406,0,0,0,0,0,0,0,-0,0,1.60725,0,0,0,0,0,0,0,0,0,0,0,0,0,0,0,0,0,0,0,0,0,0,0,0,0,0,0,0,0,0,0,0,0
6.5,0,0,0,0,0,0,3.11937,2.03777,-2.60347,2.9301e-05,5.98229e-05,-1.43071e-05,0.000120883,0.000260107,9.29189e-06,0,0,0,0,0,0,0,0,0,0,0,0,0,0,0,0,0,0,0,0,0,0,0,0,0,0,0,0,0,0,0,0,0,0,0,0,0,0,0,0,1.74886,1.19815,0.0371922,-4.27307e-05,1.58714e-05,-2.34727e-06,-0.000187058,7.12707e-05,9.74946e-05,0,0,0,0,0,0,0,0,0,0,0,0,0,0,0,0,0,0,0,0,0,0,0,0,0,0,0,0,0,0,0,0,0,0,0,0,0,0,0,0,0,0,0,0,0,0,0,0,0,0,0,0,2,0,0,0,0,0,1.4427,0.1459,2.7284,0,0,0,0,0,0,0,-0,0,1.60725,0,0,0,0,0,0,0,0,0,0,0,0,0,0,0,0,0,0,0,0,0,0,0,0,0,0,0,0,0,0,0,0,0
6.5,0,0,0,0,0,0,3.11937,2.03777,-2.60347,0,-1.83127e-05,-4.0536e-05,-1.72002e-05,-0.000148499,-4.07714e-05,0,0,0,0,0,0,0,0,0,0,0,0,0,0,0,0,0,0,0,0,0,0,0,0,0,0,0,0,0,0,0,0,0,0,0,0,0,0,0,0,1.74887,1.19815,0.0371931,4.27297e-05,-1.5871e-05,9.64966e-06,0.000173964,-5.84439e-05,7.06614e-06,0,0,0,0,0,0,0,0,0,0,0,0,0,0,0,0,0,0,0,0,0,0,0,0,0,0,0,0,0,0,0,0,0,0,0,0,0,0,0,0,0,0,0,0,0,0,0,0,0,0,0,0,2,0,0,0,0,0,1.4427,0.1459,2.7284,0,0,0,0,0,0,0,-0,0,1.60724,0,0,0,0,0,0,0,0,0,0,0,0,0,0,0,0,0,0,0,0,0,0,0,0,0,0,0,0,0,0,0,0,0
6.5,0,0,0,0,0,0,3.11937,2.03777,-2.60347,0,-1.83127e-05,-4.0536e-05,-1.72002e-05,-0.000148499,-4.07714e-05,0,0,0,0,0,0,0,0,0,0,0,0,0,0,0,0,0,0,0,0,0,0,0,0,0,0,0,0,0,0,0,0,0,0,0,0,0,0,0,0,1.74887,1.19815,0.0371931,4.27297e-05,-1.5871e-05,9.64966e-06,0.000173964,-5.84439e-05,7.06614e-06,0,0,0,0,0,0,0,0,0,0,0,0,0,0,0,0,0,0,0,0,0,0,0,0,0,0,0,0,0,0,0,0,0,0,0,0,0,0,0,0,0,0,0,0,0,0,0,0,0,0,0,0,2,0,0,0,0,0,1.4427,0.1459,2.7284,0,0,0,0,0,0,0,-0,0,1.60724,0,0,0,0,0,0,0,0,0,0,0,0,0,0,0,0,0,0,0,0,0,0,0,0,0,0,0,0,0,0,0,0,0
6.5,0,0,0,0,0,0,3.11937,2.03776,-2.60345,-2.19719e-05,-9.52115e-05,0.000255099,-0.000116815,-0.000451754,0.00115003,0,0,0,0,0,0,0,0,0,0,0,0,0,0,0,0,0,0,0,0,0,0,0,0,0,0,0,0,0,0,0,0,0,0,0,0,0,0,0,0,1.74887,1.19814,0.0371613,-4.88264e-06,-0.000106197,-0.000318166,-3.6913e-05,-0.00041358,-0.00131788,0,0,0,0,0,0,0,0,0,0,0,0,0,0,0,0,0,0,0,0,0,0,0,0,0,0,0,0,0,0,0,0,0,0,0,0,0,0,0,0,0,0,0,0,0,0,0,0,0,0,0,0,2,0,0,0,0,0,1.4427,0.1459,2.7284,0,0,0,0,0,0,0,-0,0,1.60724,0,0,0,0,0,0,0,0,0,0,0,0,0,0,0,0,0,0,0,0,0,0,0,0,0,0,0,0,0,0,0,0,0
6.5,0,0,0,0,0,0,3.11937,2.03776,-2.60345,-2.19719e-05,-9.52115e-05,0.000255099,-0.000116815,-0.000451754,0.00115003,0,0,0,0,0,0,0,0,0,0,0,0,0,0,0,0,0,0,0,0,0,0,0,0,0,0,0,0,0,0,0,0,0,0,0,0,0,0,0,0,1.74887,1.19814,0.0371613,-4.88264e-06,-0.000106197,-0.000318166,-3.6913e-05,-0.00041358,-0.00131788,0,0,0,0,0,0,0,0,0,0,0,0,0,0,0,0,0,0,0,0,0,0,0,0,0,0,0,0,0,0,0,0,0,0,0,0,0,0,0,0,0,0,0,0,0,0,0,0,0,0,0,0,2,0,0,0,0,0,1.355,0.0582,2.6406,0,0,0,0,0,0,0,-0,0,1.60724,0,0,0,0,0,0,0,0,0,0,0,0,0,0,0,0,0,0,0,0,0,0,0,0,0,0,0,0,0,0,0,0,0
6.5,0,0,0,0,0,0,3.11936,2.03777,-2.60343,-1.46432e-05,0.000167177,0.000154917,-5.43342e-05,0.000736216,0.000451342,0,0,0,0,0,0,0,0,0,0,0,0,0,0,0,0,0,0,0,0,0,0,0,0,0,0,0,0,0,0,0,0,0,0,0,0,0,0,0,0,1.74887,1.19815,0.0371909,7.80968e-05,0.000125687,0.000295681,0.000280881,0.00063022,0.00148232,0,0,0,0,0,0,0,0,0,0,0,0,0,0,0,0,0,0,0,0,0,0,0,0,0,0,0,0,0,0,0,0,0,0,0,0,0,0,0,0,0,0,0,0,0,0,0,0,0,0,0,0,2,0,0,0,0,0,1.355,0.0582,2.6406,0,0,0,0,0,0,0,-0,0,1.60724,0,0,0,0,0,0,0,0,0,0,0,0,0,0,0,0,0,0,0,0,0,0,0,0,0,0,0,0,0,0,0,0,0
6.5,0,0,0,0,0,0,3.11936,2.03777,-2.60343,-1.46432e-05,0.000167177,0.000154917,-5.43342e-05,0.000736216,0.000451342,0,0,0,0,0,0,0,0,0,0,0,0,0,0,0,0,0,0,0,0,0,0,0,0,0,0,0,0,0,0,0,0,0,0,0,0,0,0,0,0,1.74887,1.19815,0.0371909,7.80968e-05,0.000125687,0.000295681,0.000280881,0.00063022,0.00148232,0,0,0,0,0,0,0,0,0,0,0,0,0,0,0,0,0,0,0,0,0,0,0,0,0,0,0,0,0,0,0,0,0,0,0,0,0,0,0,0,0,0,0,0,0,0,0,0,0,0,0,0,2,0,0,0,0,0,1.355,0.0582,2.6406,0,0,0,0,0,0,0,-0,0,1.60724,0,0,0,0,0,0,0,0,0,0,0,0,0,0,0,0,0,0,0,0,0,0,0,0,0,0,0,0,0,0,0,0,0
6.5,0,0,0,0,0,0,3.11936,2.03775,-2.60346,-9.77118e-06,-0.000190538,-0.000233783,-4.68107e-06,-0.000826646,-0.0013768,0,0,0,0,0,0,0,0,0,0,0,0,0,0,0,0,0,0,0,0,0,0,0,0,0,0,0,0,0,0,0,0,0,0,0,0,0,0,0,0,1.74886,1.19814,0.0371539,-9.77119e-05,-8.30552e-05,-0.000370617,-0.000490888,-0.000314533,-0.00139358,0,0,0,0,0,0,0,0,0,0,0,0,0,0,0,0,0,0,0,0,0,0,0,0,0,0,0,0,0,0,0,0,0,0,0,0,0,0,0,0,0,0,0,0,0,0,0,0,0,0,0,0,2,0,0,0,0,0,1.355,0.0582,2.6406,0,0,0,0,0,0,0,-0,0,1.60724,0,0,0,0,0,0,0,0,0,0,0,0,0,0,0,0,0,0,0,0,0,0,0,0,0,0,0,0,0,0,0,0,0
6.5,0,0,0,0,0,0,3.11936,2.03775,-2.60346,-9.77118e-06,-0.000190538,-0.000233783,-4.68107e-06,-0.000826646,-0.0013768,0,0,0,0,0,0,0,0,0,0,0,0,0,0,0,0,0,0,0,0,0,0,0,0,0,0,0,0,0,0,0,0,0,0,0,0,0,0,0,0,1.74886,1.19814,0.0371539,-9.77119e-05,-8.30552e-05,-0.000370617,-0.000490888,-0.000314533,-0.00139358,0,0,0,0,0,0,0,0,0,0,0,0,0,0,0,0,0,0,0,0,0,0,0,0,0,0,0,0,0,0,0,0,0,0,0,0,0,0,0,0,0,0,0,0,0,0,0,0,0,0,0,0,2,0,0,0,0,0,1.3001,0.0033,2.5858,0,0,0,0,0,0,0,-0,0,1.60724,0,0,0,0,0,0,0,0,0,0,0,0,0,0,0,0,0,0,0,0,0,0,0,0,0,0,0,0,0,0,0,0,0
6.5,0,0,0,0,0,0,3.11936,2.03775,-2.60345,4.88394e-06,-4.63974e-05,2.38473e-06,6.24462e-05,-0.000132238,-0.000130862,0,0,0,0,0,0,0,0,0,0,0,0,0,0,0,0,0,0,0,0,0,0,0,0,0,0,0,0,0,0,0,0,0,0,0,0,0,0,0,0,1.74887,1.19814,0.0371961,4.39556e-05,2.07568e-05,0.00042236,0.000166689,9.7956e-05,0.00194186,0,0,0,0,0,0,0,0,0,0,0,0,0,0,0,0,0,0,0,0,0,0,0,0,0,0,0,0,0,0,0,0,0,0,0,0,0,0,0,0,0,0,0,0,0,0,0,0,0,0,0,0,2,0,0,0,0,0,1.3001,0.0033,2.5858,0,0,0,0,0,0,0,-0,0,1.60723,0,0,0,0,0,0,0,0,0,0,0,0,0,0,0,0,0,0,0,0,0,0,0,0,0,0,0,0,0,0,0,0,0
6.5,0,0,0,0,0,0,3.11936,2.03775,-2.60345,4.88394e-06,-4.63974e-05,2.38473e-06,6.24462e-05,-0.000132238,-0.000130862,0,0,0,0,0,0,0,0,0,0,0,0,0,0,0,0,0,0,0,0,0,0,0,0,0,0,0,0,0,0,0,0,0,0,0,0,0,0,0,0,1.74887,1.19814,0.0371961,4.39556e-05,2.07568e-05,0.00042236,0.000166689,9.7956e-05,0.00194186,0,0,0,0,0,0,0,0,0,0,0,0,0,0,0,0,0,0,0,0,0,0,0,0,0,0,0,0,0,0,0,0,0,0,0,0,0,0,0,0,0,0,0,0,0,0,0,0,0,0,0,0,2,0,0,0,0,0,1.3001,0.0033,2.5858,0,0,0,0,0,0,0,-0,0,1.60723,0,0,0,0,0,0,0,0,0,0,0,0,0,0,0,0,0,0,0,0,0,0,0,0,0,0,0,0,0,0,0,0,0
6.5,0,0,0,0,0,0,3.11936,2.03776,-2.60348,4.8821e-06,8.54368e-05,-0.000214546,4.6585e-05,0.000541442,-0.000776633,0,0,0,0,0,0,0,0,0,0,0,0,0,0,0,0,0,0,0,0,0,0,0,0,0,0,0,0,0,0,0,0,0,0,0,0,0,0,0,0,1.74888,1.19814,0.0372716,8.66573e-05,-2.68515e-05,0.000754708,0.000359804,-7.55372e-05,0.00294595,0,0,0,0,0,0,0,0,0,0,0,0,0,0,0,0,0,0,0,0,0,0,0,0,0,0,0,0,0,0,0,0,0,0,0,0,0,0,0,0,0,0,0,0,0,0,0,0,0,0,0,0,2,0,0,0,0,0,1.3001,0.0033,2.5858,0,0,0,0,0,0,0,-0,0,1.60723,0,0,0,0,0,0,0,0,0,0,0,0,0,0,0,0,0,0,0,0,0,0,0,0,0,0,0,0,0,0,0,0,0
6.5,0,0,0,0,0,0,3.11936,2.03776,-2.60348,4.8821e-06,8.54368e-05,-0.000214546,4.6585e-05,0.000541442,-0.000776633,0,0,0,0,0,0,0,0,0,0,0,0,0,0,0,0,0,0,0,0,0,0,0,0,0,0,0,0,0,0,0,0,0,0,0,0,0,0,0,0,1.74888,1.19814,0.0372716,8.66573e-05,-2.68515e-05,0.000754708,0.000359804,-7.55372e-05,0.00294595,0,0,0,0,0,0,0,0,0,0,0,0,0,0,0,0,0,0,0,0,0,0,0,0,0,0,0,0,0,0,0,0,0,0,0,0,0,0,0,0,0,0,0,0,0,0,0,0,0,0,0,0,2,0,0,0,0,0,1.2919,-0.0048,2.5777,0,0,0,0,0,0,0,-0,0,1.60723,0,0,0,0,0,0,0,0,0,0,0,0,0,0,0,0,0,0,0,0,0,0,0,0,0,0,0,0,0,0,0,0,0
6.5,0,0,0,0,0,0,3.11936,2.03777,-2.60346,-1.46538e-05,0.000123336,0.000197959,-5.22347e-05,0.00056767,0.00109463,0,0,0,0,0,0,0,0,0,0,0,0,0,0,0,0,0,0,0,0,0,0,0,0,0,0,0,0,0,0,0,0,0,0,0,0,0,0,0,0,1.74887,1.19815,0.0371841,-7.93746e-05,6.96054e-05,-0.000874569,-0.000421279,0.00031658,-0.00460573,0,0,0,0,0,0,0,0,0,0,0,0,0,0,0,0,0,0,0,0,0,0,0,0,0,0,0,0,0,0,0,0,0,0,0,0,0,0,0,0,0,0,0,0,0,0,0,0,0,0,0,0,2,0,0,0,0,0,1.2919,-0.0048,2.5777,0,0,0,0,0,0,0,-0,0,1.60724,0,0,0,0,0,0,0,0,0,0,0,0,0,0,0,0,0,0,0,0,0,0,0,0,0,0,0,0,0,0,0,0,0
6.5,0,0,0,0,0,0,3.11936,2.03777,-2.60346,-1.46538e-05,0.000123336,0.000197959,-5.22347e-05,0.00056767,0.00109463,0,0,0,0,0,0,0,0,0,0,0,0,0,0,0,0,0,0,0,0,0,0,0,0,0,0,0,0,0,0,0,0,0,0,0,0,0,0,0,0,1.74887,1.19815,0.0371841,-7.93746e-05,6.96054e-05,-0.000874569,-0.000421279,0.00031658,-0.00460573,0,0,0,0,0,0,0,0,0,0,0,0,0,0,0,0,0,0,0,0,0,0,0,0,0,0,0,0,0,0,0,0,0,0,0,0,0,0,0,0,0,0,0,0,0,0,0,0,0,0,0,0,2,0,0,0,0,0,1.2919,-0.0048,2.5777,0,0,0,0,0,0,0,-0,0,1.60724,0,0,0,0,0,0,0,0,0,0,0,0,0,0,0,0,0,0,0,0,0,0,0,0,0,0,0,0,0,0,0,0,0
6.5,0,0,0,0,0,0,3.11936,2.03776,-2.60348,4.87965e-06,-0.000118332,-0.000214438,3.33001e-05,-0.000621157,-0.000737276,0,0,0,0,0,0,0,0,0,0,0,0,0,0,0,0,0,0,0,0,0,0,0,0,0,0,0,0,0,0,0,0,0,0,0,0,0,0,0,0,1.74886,1.19815,0.0371691,-4.87963e-05,8.53935e-06,-0.000150627,-0.000236558,-7.81031e-07,-0.000895522,0,0,0,0,0,0,0,0,0,0,0,0,0,0,0,0,0,0,0,0,0,0,0,0,0,0,0,0,0,0,0,0,0,0,0,0,0,0,0,0,0,0,0,0,0,0,0,0,0,0,0,0,2,0,0,0,0,0,1.2919,-0.0048,2.5777,0,0,0,0,0,0,0,-0,0,1.60724,0,0,0,0,0,0,0,0,0,0,0,0,0,0,0,0,0,0,0,0,0,0,0,0,0,0,0,0,0,0,0,0,0
6.5,0,0,0,0,0,0,3.11936,2.03776,-2.60348,4.87965e-06,-0.000118332,-0.000214438,3.33001e-05,-0.000621157,-0.000737276,0,0,0,0,0,0,0,0,0,0,0,0,0,0,0,0,0,0,0,0,0,0,0,0,0,0,0,0,0,0,0,0,0,0,0,0,0,0,0,0,1.74886,1.19815,0.0371691,-4.87963e-05,8.53935e-06,-0.000150627,-0.000236558,-7.81031e-07,-0.000895522,0,0,0,0,0,0,0,0,0,0,0,0,0,0,0,0,0,0,0,0,0,0,0,0,0,0,0,0,0,0,0,0,0,0,0,0,0,0,0,0,0,0,0,0,0,0,0,0,0,0,0,0,2,0,0,0,0,0,1.3366,0.0399,2.6223,0,0,0,0,0,0,0,-0,0,1.60724,0,0,0,0,0,0,0,0,0,0,0,0,0,0,0,0,0,0,0,0,0,0,0,0,0,0,0,0,0,0,0,0,0
6.5,0,0,0,0,0,0,3.11936,2.03775,-2.60347,-1.2215e-05,-6.47395e-05,0.000121673,-3.67359e-05,-0.000319487,0.000652769,0,0,0,0,0,0,0,0,0,0,0,0,0,0,0,0,0,0,0,0,0,0,0,0,0,0,0,0,0,0,0,0,0,0,0,0,0,0,0,0,1.74887,1.19815,0.0371693,3.05375e-05,1.4658e-05,2.64668e-06,0.000200074,-1.90192e-05,0.00057743,0,0,0,0,0,0,0,0,0,0,0,0,0,0,0,0,0,0,0,0,0,0,0,0,0,0,0,0,0,0,0,0,0,0,0,0,0,0,0,0,0,0,0,0,0,0,0,0,0,0,0,0,2,0,0,0,0,0,1.3366,0.0399,2.6223,0,0,0,0,0,0,0,-0,0,1.60723,0,0,0,0,0,0,0,0,0,0,0,0,0,0,0,0,0,0,0,0,0,0,0,0,0,0,0,0,0,0,0,0,0
