0,0,0,0,0,0,0,0,0,0,0,0,0,0,0,0,0,0,0,0,0,0,0,0,0,0,0,0,0,0,0,0,0,0,0,0,0,0,0,0,0,0,0,0,0,0,0,0,0,0,0,0,0,0,0,0,0,0,0,0,0,0,0,0,0,0,0,0,0,0,0,0,0,0,0,0,0,0,0,0,0,0,0,0,0,0,0,0,0,0,0,0,0,0,0,0,0,0,0,0,0,0,0,0,0,0,0,0,0,0,0,0,0,0,0,0,0,0,0,0,0,0,0,0,0,0,0,0,0,0,0,0,0,0,0,0,0,0,0,0,0,0,0,0,0
0,0,0,0,0,0,0,2.93806,1.66354,-2.97622,0.000124507,0.00016845,0.000817743,3.51175e-05,1.98837e-05,-3.55736e-05,0,0,0,0,0,0,0,0,0,0,0,0,0,0,0,0,0,0,0,0,0,0,0,0,0,0,0,0,0,0,0,0,0,0,0,0,0,-0,0,0,0.850105,0.615897,1.61545,-2.4413e-05,8.17835e-05,-0.000255097,1.0161e-05,7.36159e-06,1.93089e-05,0,0,0,0,0,0,0,0,0,0,0,0,0,0,0,0,0,0,0,0,0,0,0,0,0,0,0,0,0,0,0,0,0,0,0,0,0,0,0,0,0,0,0,0,0,0,0,0,0,0,0,0,2,0,0,0,0,0,0.7187,0.7308,1.6155,0,0,0,0,0,0,0,-0,0,2.33605,0,0,0,0,0,0,0,0,0
0,0,0,0,0,0,0,2.93805,1.66355,-2.97621,-0.000113385,0.000112179,0.000101304,-0.0643414,-0.0357243,0.0651228,0,0,0,0,0,0,0,0,0,0,0,0,0,0,0,0,0,0,0,0,0,0,0,0,0,0,0,0,0,0,0,0,0,0,0,0,0,-0,0,0,0.850107,0.615887,1.61549,2.83464e-05,-0.000106148,0.00038637,-0.0183719,-0.0138175,-0.0335808,0,0,0,0,0,0,0,0,0,0,0,0,0,0,0,0,0,0,0,0,0,0,0,0,0,0,0,0,0,0,0,0,0,0,0,0,0,0,0,0,0,0,0,0,0,0,0,0,0,0,0,0,2,0,0,0,0,0,0.7187,0.7308,1.6155,0,0,0,0,0,0,0,-0,0,2.33604,0,0,0,0,0,0,0,0,0
0.05,0,0,0,0,0,0,2.93805,1.66355,-2.97628,7.65855e-05,-9.14085e-05,-0.000757555,-0.0230256,-0.0137668,0.0206278,0,0,0,0,0,0,0,0,0,0,0,0,0,0,0,0,0,0,0,0,0,0,0,0,0,0,0,0,0,0,0,0,0,0,0,0,0,-0,0,0,0.850109,0.615894,1.61547,1.11172e-05,7.04091e-05,-0.000230403,-0.00677292,-0.0045203,-0.0142358,0,0,0,0,0,0,0,0,0,0,0,0,0,0,0,0,0,0,0,0,0,0,0,0,0,0,0,0,0,0,0,0,0,0,0,0,0,0,0,0,0,0,0,0,0,0,0,0,0,0,0,0,2,0,0,0,0,0,0.7187,0.7308,1.6155,0,0,0,0,0,0,0,-0,0,2.33604,0,0,0,0,0,0,0,0,0
0.1,0,0,0,0,0,0,2.93804,1.66355,-2.97637,-0.000114782,2.8085e-05,-0.000849038,-0.00907447,-0.00486371,0.00604784,0,0,0,0,0,0,0,0,0,0,0,0,0,0,0,0,0,0,0,0,0,0,0,0,0,0,0,0,0,0,0,0,0,0,0,0,0,-0,0,0,0.850106,0.615892,1.61547,-2.07585e-05,-1.46531e-05,1.43096e-05,-0.00264615,-0.00181032,-0.00500023,0,0,0,0,0,0,0,0,0,0,0,0,0,0,0,0,0,0,0,0,0,0,0,0,0,0,0,0,0,0,0,0,0,0,0,0,0,0,0,0,0,0,0,0,0,0,0,0,0,0,0,0,2,0,0,0,0,0,0.7187,0.7308,1.6155,0,0,0,0,0,0,0,-0,0,2.33603,0,0,0,0,0,0,0,0,0
0.15,0,0,0,0,0,0,2.93804,1.66355,-2.97637,-0.000114782,2.8085e-05,-0.000849038,-0.00907447,-0.00486371,0.00604784,0,0,0,0,0,0,0,0,0,0,0,0,0,0,0,0,0,0,0,0,0,0,0,0,0,0,0,0,0,0,0,0,0,0,0,0,0,-0,0,0,0.850106,0.615892,1.61547,-2.07585e-05,-1.46531e-05,1.43096e-05,-0.00264615,-0.00181032,-0.00500023,0,0,0,0,0,0,0,0,0,0,0,0,0,0,0,0,0,0,0,0,0,0,0,0,0,0,0,0,0,0,0,0,0,0,0,0,0,0,0,0,0,0,0,0,0,0,0,0,0,0,0,0,2,0,0,0,0,0,2.0451,0.4717,4.5475,0,0,0,0,0,0,0,-0,0,2.33603,0,0,0,0,0,0,0,0,0
0.2,0,0,0,0,0,0,2.93805,1.66356,-2.97632,3.66228e-05,7.32456e-05,0.000472091,-0.00293476,-0.00152174,0.00692443,0,0,0,0,0,0,0,0,0,0,0,0,0,0,0,0,0,0,0,0,0,0,0,0,0,0,0,0,0,0,0,0,0,0,0,0,0,-0,0,0,0.850106,0.615893,1.61546,-7.93495e-06,3.66229e-06,-0.000101333,-0.000973084,-0.000643188,-0.00220044,0,0,0,0,0,0,0,0,0,0,0,0,0,0,0,0,0,0,0,0,0,0,0,0,0,0,0,0,0,0,0,0,0,0,0,0,0,0,0,0,0,0,0,0,0,0,0,0,0,0,0,0,2,0,0,0,0,0,2.0451,0.4717,4.5475,0,0,0,0,0,0,0,-0,0,2.33604,0,0,0,0,0,0,0,0,0
0.25,0,0,0,0,0,0,2.93805,1.66356,-2.97632,3.66228e-05,7.32456e-05,0.000472091,-0.00293476,-0.00152174,0.00692443,0,0,0,0,0,0,0,0,0,0,0,0,0,0,0,0,0,0,0,0,0,0,0,0,0,0,0,0,0,0,0,0,0,0,0,0,0,-0,0,0,0.850106,0.615893,1.61546,-7.93495e-06,3.66229e-06,-0.000101333,-0.000973084,-0.000643188,-0.00220044,0,0,0,0,0,0,0,0,0,0,0,0,0,0,0,0,0,0,0,0,0,0,0,0,0,0,0,0,0,0,0,0,0,0,0,0,0,0,0,0,0,0,0,0,0,0,0,0,0,0,0,0,2,0,0,0,0,0,2.0451,0.4717,4.5475,0,0,0,0,0,0,0,-0,0,2.33604,0,0,0,0,0,0,0,0,0
0.3,0,0,0,0,0,0,2.93804,1.66352,-2.97645,-1.70902e-05,-0.000347908,-0.00125411,-0.00114557,-0.00214411,-0.00262097,0,0,0,0,0,0,0,0,0,0,0,0,0,0,0,0,0,0,0,0,0,0,0,0,0,0,0,0,0,0,0,0,0,0,0,0,0,-0,0,0,0.850109,0.615891,1.61548,2.92975e-05,-1.58695e-05,0.000228887,-0.000209004,-0.000306233,0.000377293,0,0,0,0,0,0,0,0,0,0,0,0,0,0,0,0,0,0,0,0,0,0,0,0,0,0,0,0,0,0,0,0,0,0,0,0,0,0,0,0,0,0,0,0,0,0,0,0,0,0,0,0,2,0,0,0,0,0,2.0451,0.4717,4.5475,0,0,0,0,0,0,0,-0,0,2.33602,0,0,0,0,0,0,0,0,0
0.35,0,0,0,0,0,0,2.93804,1.66352,-2.97645,-1.70902e-05,-0.000347908,-0.00125411,-0.00114557,-0.00214411,-0.00262097,0,0,0,0,0,0,0,0,0,0,0,0,0,0,0,0,0,0,0,0,0,0,0,0,0,0,0,0,0,0,0,0,0,0,0,0,0,-0,0,0,0.850109,0.615891,1.61548,2.92975e-05,-1.58695e-05,0.000228887,-0.000209004,-0.000306233,0.000377293,0,0,0,0,0,0,0,0,0,0,0,0,0,0,0,0,0,0,0,0,0,0,0,0,0,0,0,0,0,0,0,0,0,0,0,0,0,0,0,0,0,0,0,0,0,0,0,0,0,0,0,0,2,0,0,0,0,0,2.1835,0.6103,4.6861,0,0,0,0,0,0,0,-0,0,2.33602,0,0,0,0,0,0,0,0,0
0.4,0,0,0,0,0,0,2.93806,1.66355,-2.97643,0.000117187,0.000338133,0.00011444,9.08663e-05,0.00136963,0.00260276,0,0,0,0,0,0,0,0,0,0,0,0,0,0,0,0,0,0,0,0,0,0,0,0,0,0,0,0,0,0,0,0,0,0,0,0,0,-0,0,0,0.850112,0.615892,1.61548,3.41795e-05,1.28173e-05,-4.52993e-05,-2.57046e-06,-2.36412e-05,-0.00052016,0,0,0,0,0,0,0,0,0,0,0,0,0,0,0,0,0,0,0,0,0,0,0,0,0,0,0,0,0,0,0,0,0,0,0,0,0,0,0,0,0,0,0,0,0,0,0,0,0,0,0,0,2,0,0,0,0,0,2.1835,0.6103,4.6861,0,0,0,0,0,0,0,-0,0,2.33604,0,0,0,0,0,0,0,0,0
0.45,0,0,0,0,0,0,2.93806,1.66355,-2.97643,0.000117187,0.000338133,0.00011444,9.08663e-05,0.00136963,0.00260276,0,0,0,0,0,0,0,0,0,0,0,0,0,0,0,0,0,0,0,0,0,0,0,0,0,0,0,0,0,0,0,0,0,0,0,0,0,-0,0,0,0.850112,0.615892,1.61548,3.41795e-05,1.28173e-05,-4.52993e-05,-2.57046e-06,-2.36412e-05,-0.00052016,0,0,0,0,0,0,0,0,0,0,0,0,0,0,0,0,0,0,0,0,0,0,0,0,0,0,0,0,0,0,0,0,0,0,0,0,0,0,0,0,0,0,0,0,0,0,0,0,0,0,0,0,2,0,0,0,0,0,2.1835,0.6103,4.6861,0,0,0,0,0,0,0,-0,0,2.33604,0,0,0,0,0,0,0,0,0
0.5,0,0,0,0,0,0,2.93806,1.66358,-2.97644,5.85712e-05,0.000295296,-7.1498e-05,-1.22947e-05,0.00112676,0.00152654,0,0,0,0,0,0,0,0,0,0,0,0,0,0,0,0,0,0,0,0,0,0,0,0,0,0,0,0,0,0,0,0,0,0,0,0,0,-0,0,0,0.850104,0.615891,1.61547,-7.87051e-05,-1.40327e-05,-8.81809e-05,-0.000424679,-8.32366e-05,-0.000605109,0,0,0,0,0,0,0,0,0,0,0,0,0,0,0,0,0,0,0,0,0,0,0,0,0,0,0,0,0,0,0,0,0,0,0,0,0,0,0,0,0,0,0,0,0,0,0,0,0,0,0,0,2,0,0,0,0,0,2.1835,0.6103,4.6861,0,0,0,0,0,0,0,-0,0,2.33607,0,0,0,0,0,0,0,0,0
0.55,0,0,0,0,0,0,2.93806,1.66358,-2.97644,5.85712e-05,0.000295296,-7.1498e-05,-1.22947e-05,0.00112676,0.00152654,0,0,0,0,0,0,0,0,0,0,0,0,0,0,0,0,0,0,0,0,0,0,0,0,0,0,0,0,0,0,0,0,0,0,0,0,0,-0,0,0,0.850104,0.615891,1.61547,-7.87051e-05,-1.40327e-05,-8.81809e-05,-0.000424679,-8.32366e-05,-0.000605109,0,0,0,0,0,0,0,0,0,0,0,0,0,0,0,0,0,0,0,0,0,0,0,0,0,0,0,0,0,0,0,0,0,0,0,0,0,0,0,0,0,0,0,0,0,0,0,0,0,0,0,0,2,0,0,0,0,0,2.0894,0.5163,4.5919,0,0,0,0,0,0,0,-0,0,2.33607,0,0,0,0,0,0,0,0,0
0.6,0,0,0,0,0,0,2.93806,1.66358,-2.97639,-7.32931e-06,-4.6419e-05,0.000515342,-0.000284753,-0.000722083,0.0031158,0,0,0,0,0,0,0,0,0,0,0,0,0,0,0,0,0,0,0,0,0,0,0,0,0,0,0,0,0,0,0,0,0,0,0,0,0,-0,0,0,0.850108,0.615896,1.61547,4.33651e-05,4.6419e-05,-2.14726e-05,0.000175716,0.000183501,-0.000108173,0,0,0,0,0,0,0,0,0,0,0,0,0,0,0,0,0,0,0,0,0,0,0,0,0,0,0,0,0,0,0,0,0,0,0,0,0,0,0,0,0,0,0,0,0,0,0,0,0,0,0,0,2,0,0,0,0,0,2.0894,0.5163,4.5919,0,0,0,0,0,0,0,-0,0,2.33606,0,0,0,0,0,0,0,0,0
0.65,0,0,0,0,0,0,2.93806,1.66358,-2.97639,-7.32931e-06,-4.6419e-05,0.000515342,-0.000284753,-0.000722083,0.0031158,0,0,0,0,0,0,0,0,0,0,0,0,0,0,0,0,0,0,0,0,0,0,0,0,0,0,0,0,0,0,0,0,0,0,0,0,0,-0,0,0,0.850108,0.615896,1.61547,4.33651e-05,4.6419e-05,-2.14726e-05,0.000175716,0.000183501,-0.000108173,0,0,0,0,0,0,0,0,0,0,0,0,0,0,0,0,0,0,0,0,0,0,0,0,0,0,0,0,0,0,0,0,0,0,0,0,0,0,0,0,0,0,0,0,0,0,0,0,0,0,0,0,2,0,0,0,0,0,2.0894,0.5163,4.5919,0,0,0,0,0,0,0,-0,0,2.33606,0,0,0,0,0,0,0,0,0
0.7,0,0,0,0,0,0,2.93804,1.66355,-2.97645,-0.000229528,-0.00028569,-0.000624755,-0.0010957,-0.00163989,-0.00246828,0,0,0,0,0,0,0,0,0,0,0,0,0,0,0,0,0,0,0,0,0,0,0,0,0,0,0,0,0,0,0,0,0,0,0,0,0,-0,0,0,0.850105,0.615895,1.61547,-3.23537e-05,-1.22089e-06,7.15368e-05,-0.000115707,-4.3972e-05,0.00037386,0,0,0,0,0,0,0,0,0,0,0,0,0,0,0,0,0,0,0,0,0,0,0,0,0,0,0,0,0,0,0,0,0,0,0,0,0,0,0,0,0,0,0,0,0,0,0,0,0,0,0,0,2,0,0,0,0,0,2.0894,0.5163,4.5919,0,0,0,0,0,0,0,-0,0,2.33603,0,0,0,0,0,0,0,0,0
0.75,0,0,0,0,0,0,2.93804,1.66355,-2.97645,-0.000229528,-0.00028569,-0.000624755,-0.0010957,-0.00163989,-0.00246828,0,0,0,0,0,0,0,0,0,0,0,0,0,0,0,0,0,0,0,0,0,0,0,0,0,0,0,0,0,0,0,0,0,0,0,0,0,-0,0,0,0.850105,0.615895,1.61547,-3.23537e-05,-1.22089e-06,7.15368e-05,-0.000115707,-4.3972e-05,0.00037386,0,0,0,0,0,0,0,0,0,0,0,0,0,0,0,0,0,0,0,0,0,0,0,0,0,0,0,0,0,0,0,0,0,0,0,0,0,0,0,0,0,0,0,0,0,0,0,0,0,0,0,0,2,0,0,0,0,0,2.1591,0.586,4.6617,0,0,0,0,0,0,0,-0,0,2.33603,0,0,0,0,0,0,0,0,0
0.8,0,0,0,0,0,0,2.93804,1.66353,-2.97638,6.34829e-05,-0.000202657,0.000732018,0.000403029,-0.000777238,0.00318276,0,0,0,0,0,0,0,0,0,0,0,0,0,0,0,0,0,0,0,0,0,0,0,0,0,0,0,0,0,0,0,0,0,0,0,0,0,-0,0,0,0.850106,0.615894,1.61547,3.66248e-06,-1.58707e-05,1.43065e-05,3.49584e-05,-0.000115763,6.11123e-05,0,0,0,0,0,0,0,0,0,0,0,0,0,0,0,0,0,0,0,0,0,0,0,0,0,0,0,0,0,0,0,0,0,0,0,0,0,0,0,0,0,0,0,0,0,0,0,0,0,0,0,0,2,0,0,0,0,0,2.1591,0.586,4.6617,0,0,0,0,0,0,0,-0,0,2.33603,0,0,0,0,0,0,0,0,0
0.85,0,0,0,0,0,0,2.93804,1.66353,-2.97638,6.34829e-05,-0.000202657,0.000732018,0.000403029,-0.000777238,0.00318276,0,0,0,0,0,0,0,0,0,0,0,0,0,0,0,0,0,0,0,0,0,0,0,0,0,0,0,0,0,0,0,0,0,0,0,0,0,-0,0,0,0.850106,0.615894,1.61547,3.66248e-06,-1.58707e-05,1.43065e-05,3.49584e-05,-0.000115763,6.11123e-05,0,0,0,0,0,0,0,0,0,0,0,0,0,0,0,0,0,0,0,0,0,0,0,0,0,0,0,0,0,0,0,0,0,0,0,0,0,0,0,0,0,0,0,0,0,0,0,0,0,0,0,0,2,0,0,0,0,0,2.1591,0.586,4.6617,0,0,0,0,0,0,0,-0,0,2.33603,0,0,0,0,0,0,0,0,0
0.9,0,0,0,0,0,0,2.93805,1.66355,-2.97626,8.78967e-05,0.000229508,0.0011731,0.000542443,0.00137689,0.00443856,0,0,0,0,0,0,0,0,0,0,0,0,0,0,0,0,0,0,0,0,0,0,0,0,0,0,0,0,0,0,0,0,0,0,0,0,0,-0,0,0,0.850106,0.61589,1.61548,7.93511e-06,-3.54028e-05,2.742e-05,5.84597e-05,-0.000157275,4.67557e-05,0,0,0,0,0,0,0,0,0,0,0,0,0,0,0,0,0,0,0,0,0,0,0,0,0,0,0,0,0,0,0,0,0,0,0,0,0,0,0,0,0,0,0,0,0,0,0,0,0,0,0,0,2,0,0,0,0,0,2.1591,0.586,4.6617,0,0,0,0,0,0,0,-0,0,2.33605,0,0,0,0,0,0,0,0,0
0.95,0,0,0,0,0,0,2.93805,1.66355,-2.97626,8.78967e-05,0.000229508,0.0011731,0.000542443,0.00137689,0.00443856,0,0,0,0,0,0,0,0,0,0,0,0,0,0,0,0,0,0,0,0,0,0,0,0,0,0,0,0,0,0,0,0,0,0,0,0,0,-0,0,0,0.850106,0.61589,1.61548,7.93511e-06,-3.54028e-05,2.742e-05,5.84597e-05,-0.000157275,4.67557e-05,0,0,0,0,0,0,0,0,0,0,0,0,0,0,0,0,0,0,0,0,0,0,0,0,0,0,0,0,0,0,0,0,0,0,0,0,0,0,0,0,0,0,0,0,0,0,0,0,0,0,0,0,2,0,0,0,0,0,2.0894,0.5158,4.5917,0,0,0,0,0,0,0,-0,0,2.33605,0,0,0,0,0,0,0,0,0
1,0,0,0,0,0,0,2.93804,1.66355,-2.97634,-0.000107419,-1.22068e-05,-0.000820141,-0.000435856,0.000152499,-0.00512937,0,0,0,0,0,0,0,0,0,0,0,0,0,0,0,0,0,0,0,0,0,0,0,0,0,0,0,0,0,0,0,0,0,0,0,0,0,-0,0,0,0.850107,0.615897,1.61546,9.76541e-06,6.71372e-05,-0.000209804,4.55968e-05,0.000309671,-0.000921761,0,0,0,0,0,0,0,0,0,0,0,0,0,0,0,0,0,0,0,0,0,0,0,0,0,0,0,0,0,0,0,0,0,0,0,0,0,0,0,0,0,0,0,0,0,0,0,0,0,0,0,0,2,0,0,0,0,0,2.0894,0.5158,4.5917,0,0,0,0,0,0,0,-0,0,2.33603,0,0,0,0,0,0,0,0,0
1.05,0,0,0,0,0,0,2.93804,1.66355,-2.97634,-0.000107419,-1.22068e-05,-0.000820141,-0.000435856,0.000152499,-0.00512937,0,0,0,0,0,0,0,0,0,0,0,0,0,0,0,0,0,0,0,0,0,0,0,0,0,0,0,0,0,0,0,0,0,0,0,0,0,-0,0,0,0.850107,0.615897,1.61546,9.76541e-06,6.71372e-05,-0.000209804,4.55968e-05,0.000309671,-0.000921761,0,0,0,0,0,0,0,0,0,0,0,0,0,0,0,0,0,0,0,0,0,0,0,0,0,0,0,0,0,0,0,0,0,0,0,0,0,0,0,0,0,0,0,0,0,0,0,0,0,0,0,0,2,0,0,0,0,0,2.0894,0.5158,4.5917,0,0,0,0,0,0,0,-0,0,2.33603,0,0,0,0,0,0,0,0,0
1.1,0,0,0,0,0,0,2.93806,1.66355,-2.9763,0.000185563,-1.95329e-05,0.000393424,0.000776578,-0.000103424,0.000474338,0,0,0,0,0,0,0,0,0,0,0,0,0,0,0,0,0,0,0,0,0,0,0,0,0,0,0,0,0,0,0,0,0,0,0,0,0,-0,0,0,0.850105,0.615898,1.61546,-2.19745e-05,1.22081e-05,1.19219e-06,-0.000101189,2.96432e-05,0.000158578,0,0,0,0,0,0,0,0,0,0,0,0,0,0,0,0,0,0,0,0,0,0,0,0,0,0,0,0,0,0,0,0,0,0,0,0,0,0,0,0,0,0,0,0,0,0,0,0,0,0,0,0,2,0,0,0,0,0,2.0894,0.5158,4.5917,0,0,0,0,0,0,0,-0,0,2.33605,0,0,0,0,0,0,0,0,0
1.15,0,0,0,0,0,0,2.93806,1.66355,-2.9763,0.000185563,-1.95329e-05,0.000393424,0.000776578,-0.000103424,0.000474338,0,0,0,0,0,0,0,0,0,0,0,0,0,0,0,0,0,0,0,0,0,0,0,0,0,0,0,0,0,0,0,0,0,0,0,0,0,-0,0,0,0.850105,0.615898,1.61546,-2.19745e-05,1.22081e-05,1.19219e-06,-0.000101189,2.96432e-05,0.000158578,0,0,0,0,0,0,0,0,0,0,0,0,0,0,0,0,0,0,0,0,0,0,0,0,0,0,0,0,0,0,0,0,0,0,0,0,0,0,0,0,0,0,0,0,0,0,0,0,0,0,0,0,2,0,0,0,0,0,2.0089,0.4353,4.5112,0,0,0,0,0,0,0,-0,0,2.33605,0,0,0,0,0,0,0,0,0
1.2,0,0,0,0,0,0,2.93805,1.66356,-2.97637,-0.000117172,0.000131819,-0.000641263,-0.00057926,0.00050804,-0.00309113,0,0,0,0,0,0,0,0,0,0,0,0,0,0,0,0,0,0,0,0,0,0,0,0,0,0,0,0,0,0,0,0,0,0,0,0,0,-0,0,0,0.850104,0.615886,1.61546,-1.03746e-05,-0.000117173,4.41018e-05,-3.42772e-05,-0.000537078,0.000412876,0,0,0,0,0,0,0,0,0,0,0,0,0,0,0,0,0,0,0,0,0,0,0,0,0,0,0,0,0,0,0,0,0,0,0,0,0,0,0,0,0,0,0,0,0,0,0,0,0,0,0,0,2,0,0,0,0,0,2.0089,0.4353,4.5112,0,0,0,0,0,0,0,-0,0,2.33605,0,0,0,0,0,0,0,0,0
1.25,0,0,0,0,0,0,2.93805,1.66356,-2.97637,-0.000117172,0.000131819,-0.000641263,-0.00057926,0.00050804,-0.00309113,0,0,0,0,0,0,0,0,0,0,0,0,0,0,0,0,0,0,0,0,0,0,0,0,0,0,0,0,0,0,0,0,0,0,0,0,0,-0,0,0,0.850104,0.615886,1.61546,-1.03746e-05,-0.000117173,4.41018e-05,-3.42772e-05,-0.000537078,0.000412876,0,0,0,0,0,0,0,0,0,0,0,0,0,0,0,0,0,0,0,0,0,0,0,0,0,0,0,0,0,0,0,0,0,0,0,0,0,0,0,0,0,0,0,0,0,0,0,0,0,0,0,0,2,0,0,0,0,0,2.0089,0.4353,4.5112,0,0,0,0,0,0,0,-0,0,2.33605,0,0,0,0,0,0,0,0,0
1.3,0,0,0,0,0,0,2.93805,1.66357,-2.97629,4.88325e-05,8.78984e-05,0.000748701,0.000132056,0.000212236,0.00321566,0,0,0,0,0,0,0,0,0,0,0,0,0,0,0,0,0,0,0,0,0,0,0,0,0,0,0,0,0,0,0,0,0,0,0,0,0,-0,0,0,0.850107,0.615892,1.61547,2.68579e-05,5.79886e-05,7.74929e-05,0.000137251,0.000300774,0.000415719,0,0,0,0,0,0,0,0,0,0,0,0,0,0,0,0,0,0,0,0,0,0,0,0,0,0,0,0,0,0,0,0,0,0,0,0,0,0,0,0,0,0,0,0,0,0,0,0,0,0,0,0,2,0,0,0,0,0,2.0089,0.4353,4.5112,0,0,0,0,0,0,0,-0,0,2.33606,0,0,0,0,0,0,0,0,0
1.35,0,0,0,0,0,0,2.93805,1.66357,-2.97629,4.88325e-05,8.78984e-05,0.000748701,0.000132056,0.000212236,0.00321566,0,0,0,0,0,0,0,0,0,0,0,0,0,0,0,0,0,0,0,0,0,0,0,0,0,0,0,0,0,0,0,0,0,0,0,0,0,-0,0,0,0.850107,0.615892,1.61547,2.68579e-05,5.79886e-05,7.74929e-05,0.000137251,0.000300774,0.000415719,0,0,0,0,0,0,0,0,0,0,0,0,0,0,0,0,0,0,0,0,0,0,0,0,0,0,0,0,0,0,0,0,0,0,0,0,0,0,0,0,0,0,0,0,0,0,0,0,0,0,0,0,2,0,0,0,0,0,2.0772,0.5036,4.5795,0,0,0,0,0,0,0,-0,0,2.33606,0,0,0,0,0,0,0,0,0
1.4,0,0,0,0,0,0,2.93806,1.66358,-2.97628,7.22749e-05,4.81833e-05,0.000127046,0.000269731,-7.04766e-05,0.0002982,0,0,0,0,0,0,0,0,0,0,0,0,0,0,0,0,0,0,0,0,0,0,0,0,0,0,0,0,0,0,0,0,0,0,0,0,0,-0,0,0,0.850105,0.615891,1.61547,-1.50572e-05,-1.56595e-05,2.82323e-05,-6.214e-05,-9.29345e-07,5.30747e-05,0,0,0,0,0,0,0,0,0,0,0,0,0,0,0,0,0,0,0,0,0,0,0,0,0,0,0,0,0,0,0,0,0,0,0,0,0,0,0,0,0,0,0,0,0,0,0,0,0,0,0,0,2,0,0,0,0,0,2.0772,0.5036,4.5795,0,0,0,0,0,0,0,-0,0,2.33607,0,0,0,0,0,0,0,0,0
1.45,0,0,0,0,0,0,2.93806,1.66358,-2.97628,7.22749e-05,4.81833e-05,0.000127046,0.000269731,-7.04766e-05,0.0002982,0,0,0,0,0,0,0,0,0,0,0,0,0,0,0,0,0,0,0,0,0,0,0,0,0,0,0,0,0,0,0,0,0,0,0,0,0,-0,0,0,0.850105,0.615891,1.61547,-1.50572e-05,-1.56595e-05,2.82323e-05,-6.214e-05,-9.29345e-07,5.30747e-05,0,0,0,0,0,0,0,0,0,0,0,0,0,0,0,0,0,0,0,0,0,0,0,0,0,0,0,0,0,0,0,0,0,0,0,0,0,0,0,0,0,0,0,0,0,0,0,0,0,0,0,0,2,0,0,0,0,0,2.0772,0.5036,4.5795,0,0,0,0,0,0,0,-0,0,2.33607,0,0,0,0,0,0,0,0,0
1.5,0,0,0,0,0,0,2.93805,1.66358,-2.97627,-6.43591e-05,7.54981e-05,6.5268e-05,-0.000367892,2.5658e-05,-0.000468127,0,0,0,0,0,0,0,0,0,0,0,0,0,0,0,0,0,0,0,0,0,0,0,0,0,0,0,0,0,0,0,0,0,0,0,0,0,-0,0,0,0.850107,0.615893,1.61547,1.23768e-05,2.41347e-05,-2.41734e-06,4.58949e-05,0.000118186,-0.000140823,0,0,0,0,0,0,0,0,0,0,0,0,0,0,0,0,0,0,0,0,0,0,0,0,0,0,0,0,0,0,0,0,0,0,0,0,0,0,0,0,0,0,0,0,0,0,0,0,0,0,0,0,2,0,0,0,0,0,2.0772,0.5036,4.5795,0,0,0,0,0,0,0,-0,0,2.33606,0,0,0,0,0,0,0,0,0
1.55,0,0,0,0,0,0,2.93805,1.66358,-2.97627,-6.43591e-05,7.54981e-05,6.5268e-05,-0.000367892,2.5658e-05,-0.000468127,0,0,0,0,0,0,0,0,0,0,0,0,0,0,0,0,0,0,0,0,0,0,0,0,0,0,0,0,0,0,0,0,0,0,0,0,0,-0,0,0,0.850107,0.615893,1.61547,1.23768e-05,2.41347e-05,-2.41734e-06,4.58949e-05,0.000118186,-0.000140823,0,0,0,0,0,0,0,0,0,0,0,0,0,0,0,0,0,0,0,0,0,0,0,0,0,0,0,0,0,0,0,0,0,0,0,0,0,0,0,0,0,0,0,0,0,0,0,0,0,0,0,0,2,0,0,0,0,0,2.1187,0.5451,4.621,0,0,0,0,0,0,0,-0,0,2.33606,0,0,0,0,0,0,0,0,0
1.6,0,0,0,0,0,0,2.93805,1.66353,-2.97626,-3.41677e-05,-0.000550344,0.000188285,-0.000188775,-0.00246844,0.000112052,0,0,0,0,0,0,0,0,0,0,0,0,0,0,0,0,0,0,0,0,0,0,0,0,0,0,0,0,0,0,0,0,0,0,0,0,0,-0,0,0,0.850108,0.615883,1.61545,1.7694e-05,-0.000105554,-0.000166834,6.38858e-05,-0.000430059,-0.000767527,0,0,0,0,0,0,0,0,0,0,0,0,0,0,0,0,0,0,0,0,0,0,0,0,0,0,0,0,0,0,0,0,0,0,0,0,0,0,0,0,0,0,0,0,0,0,0,0,0,0,0,0,2,0,0,0,0,0,2.1187,0.5451,4.621,0,0,0,0,0,0,0,-0,0,2.33604,0,0,0,0,0,0,0,0,0
1.65,0,0,0,0,0,0,2.93805,1.66353,-2.97626,-3.41677e-05,-0.000550344,0.000188285,-0.000188775,-0.00246844,0.000112052,0,0,0,0,0,0,0,0,0,0,0,0,0,0,0,0,0,0,0,0,0,0,0,0,0,0,0,0,0,0,0,0,0,0,0,0,0,-0,0,0,0.850108,0.615883,1.61545,1.7694e-05,-0.000105554,-0.000166834,6.38858e-05,-0.000430059,-0.000767527,0,0,0,0,0,0,0,0,0,0,0,0,0,0,0,0,0,0,0,0,0,0,0,0,0,0,0,0,0,0,0,0,0,0,0,0,0,0,0,0,0,0,0,0,0,0,0,0,0,0,0,0,2,0,0,0,0,0,2.1187,0.5451,4.621,0,0,0,0,0,0,0,-0,0,2.33604,0,0,0,0,0,0,0,0,0
1.7,0,0,0,0,0,0,2.93805,1.66353,-2.97629,-5.37378e-05,-4.51886e-05,-0.00031487,-0.000166457,0.000198117,-0.0018665,0,0,0,0,0,0,0,0,0,0,0,0,0,0,0,0,0,0,0,0,0,0,0,0,0,0,0,0,0,0,0,0,0,0,0,0,0,-0,0,0,0.85011,0.615895,1.61547,1.46558e-05,0.000129459,0.000186059,2.84673e-05,0.000606345,0.000864469,0,0,0,0,0,0,0,0,0,0,0,0,0,0,0,0,0,0,0,0,0,0,0,0,0,0,0,0,0,0,0,0,0,0,0,0,0,0,0,0,0,0,0,0,0,0,0,0,0,0,0,0,2,0,0,0,0,0,2.1187,0.5451,4.621,0,0,0,0,0,0,0,-0,0,2.33602,0,0,0,0,0,0,0,0,0
1.75,0,0,0,0,0,0,2.93805,1.66353,-2.97629,-5.37378e-05,-4.51886e-05,-0.00031487,-0.000166457,0.000198117,-0.0018665,0,0,0,0,0,0,0,0,0,0,0,0,0,0,0,0,0,0,0,0,0,0,0,0,0,0,0,0,0,0,0,0,0,0,0,0,0,-0,0,0,0.85011,0.615895,1.61547,1.46558e-05,0.000129459,0.000186059,2.84673e-05,0.000606345,0.000864469,0,0,0,0,0,0,0,0,0,0,0,0,0,0,0,0,0,0,0,0,0,0,0,0,0,0,0,0,0,0,0,0,0,0,0,0,0,0,0,0,0,0,0,0,0,0,0,0,0,0,0,0,2,0,0,0,0,0,2.0894,0.5158,4.5918,0,0,0,0,0,0,0,-0,0,2.33602,0,0,0,0,0,0,0,0,0
1.8,0,0,0,0,0,0,2.93805,1.6635,-2.97617,4.88436e-06,-0.000301609,0.00114,0.000137214,-0.000544869,0.00442405,0,0,0,0,0,0,0,0,0,0,0,0,0,0,0,0,0,0,0,0,0,0,0,0,0,0,0,0,0,0,0,0,0,0,0,0,0,-0,0,0,0.85011,0.61589,1.61547,0,-5.86123e-05,-5.36611e-05,-4.62355e-05,-0.000246964,-0.00021766,0,0,0,0,0,0,0,0,0,0,0,0,0,0,0,0,0,0,0,0,0,0,0,0,0,0,0,0,0,0,0,0,0,0,0,0,0,0,0,0,0,0,0,0,0,0,0,0,0,0,0,0,2,0,0,0,0,0,2.0894,0.5158,4.5918,0,0,0,0,0,0,0,-0,0,2.33601,0,0,0,0,0,0,0,0,0
1.85,0,0,0,0,0,0,2.93805,1.6635,-2.97617,4.88436e-06,-0.000301609,0.00114,0.000137214,-0.000544869,0.00442405,0,0,0,0,0,0,0,0,0,0,0,0,0,0,0,0,0,0,0,0,0,0,0,0,0,0,0,0,0,0,0,0,0,0,0,0,0,-0,0,0,0.85011,0.61589,1.61547,0,-5.86123e-05,-5.36611e-05,-4.62355e-05,-0.000246964,-0.00021766,0,0,0,0,0,0,0,0,0,0,0,0,0,0,0,0,0,0,0,0,0,0,0,0,0,0,0,0,0,0,0,0,0,0,0,0,0,0,0,0,0,0,0,0,0,0,0,0,0,0,0,0,2,0,0,0,0,0,2.0894,0.5158,4.5918,0,0,0,0,0,0,0,-0,0,2.33601,0,0,0,0,0,0,0,0,0
1.9,0,0,0,0,0,0,2.93805,1.66352,-2.97636,2.93024e-05,0.000217326,-0.00188863,0.000221106,0.00164563,-0.00859238,0,0,0,0,0,0,0,0,0,0,0,0,0,0,0,0,0,0,0,0,0,0,0,0,0,0,0,0,0,0,0,0,0,0,0,0,0,-0,0,0,0.850104,0.615895,1.61547,-5.79944e-05,5.25002e-05,-9.53856e-06,-0.000269613,0.000180067,-0.000100999,0,0,0,0,0,0,0,0,0,0,0,0,0,0,0,0,0,0,0,0,0,0,0,0,0,0,0,0,0,0,0,0,0,0,0,0,0,0,0,0,0,0,0,0,0,0,0,0,0,0,0,0,2,0,0,0,0,0,2.0894,0.5158,4.5918,0,0,0,0,0,0,0,-0,0,2.33603,0,0,0,0,0,0,0,0,0
1.95,0,0,0,0,0,0,2.93805,1.66352,-2.97636,2.93024e-05,0.000217326,-0.00188863,0.000221106,0.00164563,-0.00859238,0,0,0,0,0,0,0,0,0,0,0,0,0,0,0,0,0,0,0,0,0,0,0,0,0,0,0,0,0,0,0,0,0,0,0,0,0,-0,0,0,0.850104,0.615895,1.61547,-5.79944e-05,5.25002e-05,-9.53856e-06,-0.000269613,0.000180067,-0.000100999,0,0,0,0,0,0,0,0,0,0,0,0,0,0,0,0,0,0,0,0,0,0,0,0,0,0,0,0,0,0,0,0,0,0,0,0,0,0,0,0,0,0,0,0,0,0,0,0,0,0,0,0,2,0,0,0,0,0,2.1397,0.5663,4.6421,0,0,0,0,0,0,0,-0,0,2.33603,0,0,0,0,0,0,0,0,0
2,0,0,0,0,0,0,2.93805,1.66354,-2.97628,9.76174e-06,0.000248924,0.000805534,6.60473e-05,0.00141105,0.00384338,0,0,0,0,0,0,0,0,0,0,0,0,0,0,0,0,0,0,0,0,0,0,0,0,0,0,0,0,0,0,0,0,0,0,0,0,0,-0,0,0,0.850104,0.615893,1.61547,3.05054e-06,-2.13538e-05,3.45569e-05,5.17756e-05,-0.000129148,0.000131359,0,0,0,0,0,0,0,0,0,0,0,0,0,0,0,0,0,0,0,0,0,0,0,0,0,0,0,0,0,0,0,0,0,0,0,0,0,0,0,0,0,0,0,0,0,0,0,0,0,0,0,0,2,0,0,0,0,0,2.1397,0.5663,4.6421,0,0,0,0,0,0,0,-0,0,2.33604,0,0,0,0,0,0,0,0,0
2.05,0,0,0,0,0,0,2.93805,1.66354,-2.97628,9.76174e-06,0.000248924,0.000805534,6.60473e-05,0.00141105,0.00384338,0,0,0,0,0,0,0,0,0,0,0,0,0,0,0,0,0,0,0,0,0,0,0,0,0,0,0,0,0,0,0,0,0,0,0,0,0,-0,0,0,0.850104,0.615893,1.61547,3.05054e-06,-2.13538e-05,3.45569e-05,5.17756e-05,-0.000129148,0.000131359,0,0,0,0,0,0,0,0,0,0,0,0,0,0,0,0,0,0,0,0,0,0,0,0,0,0,0,0,0,0,0,0,0,0,0,0,0,0,0,0,0,0,0,0,0,0,0,0,0,0,0,0,2,0,0,0,0,0,2.1397,0.5663,4.6421,0,0,0,0,0,0,0,-0,0,2.33604,0,0,0,0,0,0,0,0,0
2.1,0,0,0,0,0,0,2.93805,1.66353,-2.9761,1.95379e-05,-7.57092e-05,0.0017792,5.77128e-05,-0.000482006,0.00788006,0,0,0,0,0,0,0,0,0,0,0,0,0,0,0,0,0,0,0,0,0,0,0,0,0,0,0,0,0,0,0,0,0,0,0,0,0,-0,0,0,0.850107,0.615898,1.61546,2.32012e-05,5.31185e-05,-6.08173e-05,0.000155101,0.00017819,-0.000270805,0,0,0,0,0,0,0,0,0,0,0,0,0,0,0,0,0,0,0,0,0,0,0,0,0,0,0,0,0,0,0,0,0,0,0,0,0,0,0,0,0,0,0,0,0,0,0,0,0,0,0,0,2,0,0,0,0,0,2.1397,0.5663,4.6421,0,0,0,0,0,0,0,-0,0,2.33603,0,0,0,0,0,0,0,0,0
2.15,0,0,0,0,0,0,2.93805,1.66353,-2.9761,1.95379e-05,-7.57092e-05,0.0017792,5.77128e-05,-0.000482006,0.00788006,0,0,0,0,0,0,0,0,0,0,0,0,0,0,0,0,0,0,0,0,0,0,0,0,0,0,0,0,0,0,0,0,0,0,0,0,0,-0,0,0,0.850107,0.615898,1.61546,2.32012e-05,5.31185e-05,-6.08173e-05,0.000155101,0.00017819,-0.000270805,0,0,0,0,0,0,0,0,0,0,0,0,0,0,0,0,0,0,0,0,0,0,0,0,0,0,0,0,0,0,0,0,0,0,0,0,0,0,0,0,0,0,0,0,0,0,0,0,0,0,0,0,2,0,0,0,0,0,2.0895,0.5154,4.5916,0,0,0,0,0,0,0,-0,0,2.33603,0,0,0,0,0,0,0,0,0
2.2,0,0,0,0,0,0,2.93805,1.66353,-2.97622,-2.93038e-05,-5.37237e-05,-0.00115422,-0.000161603,-0.000457749,-0.00644107,0,0,0,0,0,0,0,0,0,0,0,0,0,0,0,0,0,0,0,0,0,0,0,0,0,0,0,0,0,0,0,0,0,0,0,0,0,-0,0,0,0.850105,0.615891,1.61546,-1.46519e-05,-7.08176e-05,7.15426e-06,-4.41103e-05,-0.000346569,5.45085e-05,0,0,0,0,0,0,0,0,0,0,0,0,0,0,0,0,0,0,0,0,0,0,0,0,0,0,0,0,0,0,0,0,0,0,0,0,0,0,0,0,0,0,0,0,0,0,0,0,0,0,0,0,2,0,0,0,0,0,2.0895,0.5154,4.5916,0,0,0,0,0,0,0,-0,0,2.33603,0,0,0,0,0,0,0,0,0
2.25,0,0,0,0,0,0,2.93805,1.66353,-2.97622,-2.93038e-05,-5.37237e-05,-0.00115422,-0.000161603,-0.000457749,-0.00644107,0,0,0,0,0,0,0,0,0,0,0,0,0,0,0,0,0,0,0,0,0,0,0,0,0,0,0,0,0,0,0,0,0,0,0,0,0,-0,0,0,0.850105,0.615891,1.61546,-1.46519e-05,-7.08176e-05,7.15426e-06,-4.41103e-05,-0.000346569,5.45085e-05,0,0,0,0,0,0,0,0,0,0,0,0,0,0,0,0,0,0,0,0,0,0,0,0,0,0,0,0,0,0,0,0,0,0,0,0,0,0,0,0,0,0,0,0,0,0,0,0,0,0,0,0,2,0,0,0,0,0,2.0895,0.5154,4.5916,0,0,0,0,0,0,0,-0,0,2.33603,0,0,0,0,0,0,0,0,0
2.3,0,0,0,0,0,0,2.93805,1.66359,-2.97616,5.37069e-05,0.000574908,0.000617458,0.000204948,0.00224029,0.00127193,0,0,0,0,0,0,0,0,0,0,0,0,0,0,0,0,0,0,0,0,0,0,0,0,0,0,0,0,0,0,0,0,0,0,0,0,0,-0,0,0,0.850106,0.615892,1.61547,7.32367e-06,6.10306e-06,8.22482e-05,3.43427e-05,2.81714e-05,0.000376847,0,0,0,0,0,0,0,0,0,0,0,0,0,0,0,0,0,0,0,0,0,0,0,0,0,0,0,0,0,0,0,0,0,0,0,0,0,0,0,0,0,0,0,0,0,0,0,0,0,0,0,0,2,0,0,0,0,0,2.0895,0.5154,4.5916,0,0,0,0,0,0,0,-0,0,2.33606,0,0,0,0,0,0,0,0,0
2.35,0,0,0,0,0,0,2.93805,1.66359,-2.97616,5.37069e-05,0.000574908,0.000617458,0.000204948,0.00224029,0.00127193,0,0,0,0,0,0,0,0,0,0,0,0,0,0,0,0,0,0,0,0,0,0,0,0,0,0,0,0,0,0,0,0,0,0,0,0,0,-0,0,0,0.850106,0.615892,1.61547,7.32367e-06,6.10306e-06,8.22482e-05,3.43427e-05,2.81714e-05,0.000376847,0,0,0,0,0,0,0,0,0,0,0,0,0,0,0,0,0,0,0,0,0,0,0,0,0,0,0,0,0,0,0,0,0,0,0,0,0,0,0,0,0,0,0,0,0,0,0,0,0,0,0,0,2,0,0,0,0,0,2.1524,0.5785,4.6545,0,0,0,0,0,0,0,-0,0,2.33606,0,0,0,0,0,0,0,0,0
2.4,0,0,0,0,0,0,2.93805,1.66354,-2.97617,0,-0.000428247,-0.000123914,-4.1945e-05,-0.00229902,-0.00115498,0,0,0,0,0,0,0,0,0,0,0,0,0,0,0,0,0,0,0,0,0,0,0,0,0,0,0,0,0,0,0,0,0,0,0,0,0,-0,0,0,0.850104,0.615896,1.61547,-1.7081e-05,4.27025e-05,1.19148e-06,-6.62848e-05,0.000213897,-5.40243e-05,0,0,0,0,0,0,0,0,0,0,0,0,0,0,0,0,0,0,0,0,0,0,0,0,0,0,0,0,0,0,0,0,0,0,0,0,0,0,0,0,0,0,0,0,0,0,0,0,0,0,0,0,2,0,0,0,0,0,2.1524,0.5785,4.6545,0,0,0,0,0,0,0,-0,0,2.33604,0,0,0,0,0,0,0,0,0
2.45,0,0,0,0,0,0,2.93805,1.66354,-2.97617,0,-0.000428247,-0.000123914,-4.1945e-05,-0.00229902,-0.00115498,0,0,0,0,0,0,0,0,0,0,0,0,0,0,0,0,0,0,0,0,0,0,0,0,0,0,0,0,0,0,0,0,0,0,0,0,0,-0,0,0,0.850104,0.615896,1.61547,-1.7081e-05,4.27025e-05,1.19148e-06,-6.62848e-05,0.000213897,-5.40243e-05,0,0,0,0,0,0,0,0,0,0,0,0,0,0,0,0,0,0,0,0,0,0,0,0,0,0,0,0,0,0,0,0,0,0,0,0,0,0,0,0,0,0,0,0,0,0,0,0,0,0,0,0,2,0,0,0,0,0,2.1524,0.5785,4.6545,0,0,0,0,0,0,0,-0,0,2.33604,0,0,0,0,0,0,0,0,0
2.5,0,0,0,0,0,0,2.93805,1.66355,-2.97629,-4.88591e-05,7.20671e-05,-0.00121909,-0.000253811,5.15808e-06,-0.00539733,0,0,0,0,0,0,0,0,0,0,0,0,0,0,0,0,0,0,0,0,0,0,0,0,0,0,0,0,0,0,0,0,0,0,0,0,0,-0,0,0,0.850107,0.615892,1.61546,2.68726e-05,-3.5423e-05,-0.000140757,0.000122229,-0.000158662,-0.000657877,0,0,0,0,0,0,0,0,0,0,0,0,0,0,0,0,0,0,0,0,0,0,0,0,0,0,0,0,0,0,0,0,0,0,0,0,0,0,0,0,0,0,0,0,0,0,0,0,0,0,0,0,2,0,0,0,0,0,2.1524,0.5785,4.6545,0,0,0,0,0,0,0,-0,0,2.33604,0,0,0,0,0,0,0,0,0
2.55,0,0,0,0,0,0,2.93805,1.66355,-2.97629,-4.88591e-05,7.20671e-05,-0.00121909,-0.000253811,5.15808e-06,-0.00539733,0,0,0,0,0,0,0,0,0,0,0,0,0,0,0,0,0,0,0,0,0,0,0,0,0,0,0,0,0,0,0,0,0,0,0,0,0,-0,0,0,0.850107,0.615892,1.61546,2.68726e-05,-3.5423e-05,-0.000140757,0.000122229,-0.000158662,-0.000657877,0,0,0,0,0,0,0,0,0,0,0,0,0,0,0,0,0,0,0,0,0,0,0,0,0,0,0,0,0,0,0,0,0,0,0,0,0,0,0,0,0,0,0,0,0,0,0,0,0,0,0,0,2,0,0,0,0,0,2.0598,0.4862,4.5621,0,0,0,0,0,0,0,-0,0,2.33604,0,0,0,0,0,0,0,0,0
2.6,0,0,0,0,0,0,2.93805,1.66357,-2.97627,9.76535e-06,0.000239251,0.000174041,5.30723e-05,0.000983123,0.00174914,0,0,0,0,0,0,0,0,0,0,0,0,0,0,0,0,0,0,0,0,0,0,0,0,0,0,0,0,0,0,0,0,0,0,0,0,0,-0,0,0,0.850108,0.615891,1.61547,9.155e-06,-1.58687e-05,0.000166888,2.81587e-05,-6.76097e-05,0.000752247,0,0,0,0,0,0,0,0,0,0,0,0,0,0,0,0,0,0,0,0,0,0,0,0,0,0,0,0,0,0,0,0,0,0,0,0,0,0,0,0,0,0,0,0,0,0,0,0,0,0,0,0,2,0,0,0,0,0,2.0598,0.4862,4.5621,0,0,0,0,0,0,0,-0,0,2.33605,0,0,0,0,0,0,0,0,0
2.65,0,0,0,0,0,0,2.93805,1.66357,-2.97627,9.76535e-06,0.000239251,0.000174041,5.30723e-05,0.000983123,0.00174914,0,0,0,0,0,0,0,0,0,0,0,0,0,0,0,0,0,0,0,0,0,0,0,0,0,0,0,0,0,0,0,0,0,0,0,0,0,-0,0,0,0.850108,0.615891,1.61547,9.155e-06,-1.58687e-05,0.000166888,2.81587e-05,-6.76097e-05,0.000752247,0,0,0,0,0,0,0,0,0,0,0,0,0,0,0,0,0,0,0,0,0,0,0,0,0,0,0,0,0,0,0,0,0,0,0,0,0,0,0,0,0,0,0,0,0,0,0,0,0,0,0,0,2,0,0,0,0,0,2.0598,0.4862,4.5621,0,0,0,0,0,0,0,-0,0,2.33605,0,0,0,0,0,0,0,0,0
2.7,0,0,0,0,0,0,2.93805,1.66357,-2.97622,-2.44226e-05,-6.83834e-05,0.000553325,-6.31651e-05,-0.000506577,0.00353384,0,0,0,0,0,0,0,0,0,0,0,0,0,0,0,0,0,0,0,0,0,0,0,0,0,0,0,0,0,0,0,0,0,0,0,0,0,-0,0,0,0.850109,0.615895,1.61545,1.46536e-05,3.84657e-05,-0.000268315,2.61244e-05,0.000188848,-0.00109629,0,0,0,0,0,0,0,0,0,0,0,0,0,0,0,0,0,0,0,0,0,0,0,0,0,0,0,0,0,0,0,0,0,0,0,0,0,0,0,0,0,0,0,0,0,0,0,0,0,0,0,0,2,0,0,0,0,0,2.0598,0.4862,4.5621,0,0,0,0,0,0,0,-0,0,2.33605,0,0,0,0,0,0,0,0,0
2.75,0,0,0,0,0,0,2.93805,1.66357,-2.97622,-2.44226e-05,-6.83834e-05,0.000553325,-6.31651e-05,-0.000506577,0.00353384,0,0,0,0,0,0,0,0,0,0,0,0,0,0,0,0,0,0,0,0,0,0,0,0,0,0,0,0,0,0,0,0,0,0,0,0,0,-0,0,0,0.850109,0.615895,1.61545,1.46536e-05,3.84657e-05,-0.000268315,2.61244e-05,0.000188848,-0.00109629,0,0,0,0,0,0,0,0,0,0,0,0,0,0,0,0,0,0,0,0,0,0,0,0,0,0,0,0,0,0,0,0,0,0,0,0,0,0,0,0,0,0,0,0,0,0,0,0,0,0,0,0,2,0,0,0,0,0,2.0894,0.5157,4.5916,0,0,0,0,0,0,0,-0,0,2.33605,0,0,0,0,0,0,0,0,0
2.8,0,0,0,0,0,0,2.93805,1.66356,-2.97632,9.76551e-06,-8.17861e-05,-0.00097512,8.2923e-05,-0.000559427,-0.00374327,0,0,0,0,0,0,0,0,0,0,0,0,0,0,0,0,0,0,0,0,0,0,0,0,0,0,0,0,0,0,0,0,0,0,0,0,0,-0,0,0,0.850108,0.615892,1.61547,-1.46483e-05,-2.38034e-05,0.000263449,-0.000101657,-0.000100668,0.00121606,0,0,0,0,0,0,0,0,0,0,0,0,0,0,0,0,0,0,0,0,0,0,0,0,0,0,0,0,0,0,0,0,0,0,0,0,0,0,0,0,0,0,0,0,0,0,0,0,0,0,0,0,2,0,0,0,0,0,2.0894,0.5157,4.5916,0,0,0,0,0,0,0,-0,0,2.33605,0,0,0,0,0,0,0,0,0
2.85,0,0,0,0,0,0,2.93805,1.66356,-2.97632,9.76551e-06,-8.17861e-05,-0.00097512,8.2923e-05,-0.000559427,-0.00374327,0,0,0,0,0,0,0,0,0,0,0,0,0,0,0,0,0,0,0,0,0,0,0,0,0,0,0,0,0,0,0,0,0,0,0,0,0,-0,0,0,0.850108,0.615892,1.61547,-1.46483e-05,-2.38034e-05,0.000263449,-0.000101657,-0.000100668,0.00121606,0,0,0,0,0,0,0,0,0,0,0,0,0,0,0,0,0,0,0,0,0,0,0,0,0,0,0,0,0,0,0,0,0,0,0,0,0,0,0,0,0,0,0,0,0,0,0,0,0,0,0,0,2,0,0,0,0,0,2.0894,0.5157,4.5916,0,0,0,0,0,0,0,-0,0,2.33605,0,0,0,0,0,0,0,0,0
2.9,0,0,0,0,0,0,2.93805,1.66355,-2.97624,-1.46483e-05,-0.000119628,0.00077247,-2.79831e-05,-0.000494241,0.00375037,0,0,0,0,0,0,0,0,0,0,0,0,0,0,0,0,0,0,0,0,0,0,0,0,0,0,0,0,0,0,0,0,0,0,0,0,0,-0,0,0,0.850105,0.615888,1.61547,-2.50242e-05,-3.96725e-05,1.19208e-06,-0.000119797,-0.000163048,-4.7355e-06,0,0,0,0,0,0,0,0,0,0,0,0,0,0,0,0,0,0,0,0,0,0,0,0,0,0,0,0,0,0,0,0,0,0,0,0,0,0,0,0,0,0,0,0,0,0,0,0,0,0,0,0,2,0,0,0,0,0,2.0894,0.5157,4.5916,0,0,0,0,0,0,0,-0,0,2.33604,0,0,0,0,0,0,0,0,0
2.95,0,0,0,0,0,0,2.93805,1.66355,-2.97624,-1.46483e-05,-0.000119628,0.00077247,-2.79831e-05,-0.000494241,0.00375037,0,0,0,0,0,0,0,0,0,0,0,0,0,0,0,0,0,0,0,0,0,0,0,0,0,0,0,0,0,0,0,0,0,0,0,0,0,-0,0,0,0.850105,0.615888,1.61547,-2.50242e-05,-3.96725e-05,1.19208e-06,-0.000119797,-0.000163048,-4.7355e-06,0,0,0,0,0,0,0,0,0,0,0,0,0,0,0,0,0,0,0,0,0,0,0,0,0,0,0,0,0,0,0,0,0,0,0,0,0,0,0,0,0,0,0,0,0,0,0,0,0,0,0,0,2,0,0,0,0,0,2.0002,0.4265,4.5025,0,0,0,0,0,0,0,-0,0,2.33604,0,0,0,0,0,0,0,0,0
3,0,0,0,0,0,0,2.93805,1.66354,-2.97619,5.61605e-05,-4.39517e-05,0.000512675,0.000251119,1.44576e-05,0.00222785,0,0,0,0,0,0,0,0,0,0,0,0,0,0,0,0,0,0,0,0,0,0,0,0,0,0,0,0,0,0,0,0,0,0,0,0,0,-0,0,0,0.850107,0.615895,1.61545,1.34296e-05,7.20317e-05,-0.000218184,7.9267e-05,0.000339997,-0.00104462,0,0,0,0,0,0,0,0,0,0,0,0,0,0,0,0,0,0,0,0,0,0,0,0,0,0,0,0,0,0,0,0,0,0,0,0,0,0,0,0,0,0,0,0,0,0,0,0,0,0,0,0,2,0,0,0,0,0,2.0002,0.4265,4.5025,0,0,0,0,0,0,0,-0,0,2.33604,0,0,0,0,0,0,0,0,0
3.05,0,0,0,0,0,0,2.93805,1.66354,-2.97619,5.61605e-05,-4.39517e-05,0.000512675,0.000251119,1.44576e-05,0.00222785,0,0,0,0,0,0,0,0,0,0,0,0,0,0,0,0,0,0,0,0,0,0,0,0,0,0,0,0,0,0,0,0,0,0,0,0,0,-0,0,0,0.850107,0.615895,1.61545,1.34296e-05,7.20317e-05,-0.000218184,7.9267e-05,0.000339997,-0.00104462,0,0,0,0,0,0,0,0,0,0,0,0,0,0,0,0,0,0,0,0,0,0,0,0,0,0,0,0,0,0,0,0,0,0,0,0,0,0,0,0,0,0,0,0,0,0,0,0,0,0,0,0,2,0,0,0,0,0,2.0002,0.4265,4.5025,0,0,0,0,0,0,0,-0,0,2.33604,0,0,0,0,0,0,0,0,0
3.1,0,0,0,0,0,0,2.93805,1.66355,-2.97638,-2.68529e-05,4.63823e-05,-0.00194292,-0.000143127,0.000438462,-0.0086803,0,0,0,0,0,0,0,0,0,0,0,0,0,0,0,0,0,0,0,0,0,0,0,0,0,0,0,0,0,0,0,0,0,0,0,0,0,-0,0,0,0.850109,0.615893,1.61545,2.50221e-05,-2.19706e-05,3.57595e-06,0.000120863,-0.000103356,0.000118053,0,0,0,0,0,0,0,0,0,0,0,0,0,0,0,0,0,0,0,0,0,0,0,0,0,0,0,0,0,0,0,0,0,0,0,0,0,0,0,0,0,0,0,0,0,0,0,0,0,0,0,0,2,0,0,0,0,0,2.0002,0.4265,4.5025,0,0,0,0,0,0,0,-0,0,2.33604,0,0,0,0,0,0,0,0,0
3.15,0,0,0,0,0,0,2.93805,1.66355,-2.97638,-2.68529e-05,4.63823e-05,-0.00194292,-0.000143127,0.000438462,-0.0086803,0,0,0,0,0,0,0,0,0,0,0,0,0,0,0,0,0,0,0,0,0,0,0,0,0,0,0,0,0,0,0,0,0,0,0,0,0,-0,0,0,0.850109,0.615893,1.61545,2.50221e-05,-2.19706e-05,3.57595e-06,0.000120863,-0.000103356,0.000118053,0,0,0,0,0,0,0,0,0,0,0,0,0,0,0,0,0,0,0,0,0,0,0,0,0,0,0,0,0,0,0,0,0,0,0,0,0,0,0,0,0,0,0,0,0,0,0,0,0,0,0,0,2,0,0,0,0,0,2.1031,0.5298,4.6056,0,0,0,0,0,0,0,-0,0,2.33604,0,0,0,0,0,0,0,0,0
3.2,0,0,0,0,0,0,2.93805,1.66356,-2.97622,-9.76857e-06,0.00010257,0.0015955,-7.10291e-05,0.00054515,0.00745068,0,0,0,0,0,0,0,0,0,0,0,0,0,0,0,0,0,0,0,0,0,0,0,0,0,0,0,0,0,0,0,0,0,0,0,0,0,-0,0,0,0.850106,0.615894,1.61546,-2.99163e-05,9.15805e-06,5.84303e-05,-0.000141324,2.31575e-06,0.000447448,0,0,0,0,0,0,0,0,0,0,0,0,0,0,0,0,0,0,0,0,0,0,0,0,0,0,0,0,0,0,0,0,0,0,0,0,0,0,0,0,0,0,0,0,0,0,0,0,0,0,0,0,2,0,0,0,0,0,2.1031,0.5298,4.6056,0,0,0,0,0,0,0,-0,0,2.33605,0,0,0,0,0,0,0,0,0
3.25,0,0,0,0,0,0,2.93805,1.66356,-2.97622,-9.76857e-06,0.00010257,0.0015955,-7.10291e-05,0.00054515,0.00745068,0,0,0,0,0,0,0,0,0,0,0,0,0,0,0,0,0,0,0,0,0,0,0,0,0,0,0,0,0,0,0,0,0,0,0,0,0,-0,0,0,0.850106,0.615894,1.61546,-2.99163e-05,9.15805e-06,5.84303e-05,-0.000141324,2.31575e-06,0.000447448,0,0,0,0,0,0,0,0,0,0,0,0,0,0,0,0,0,0,0,0,0,0,0,0,0,0,0,0,0,0,0,0,0,0,0,0,0,0,0,0,0,0,0,0,0,0,0,0,0,0,0,0,2,0,0,0,0,0,2.1031,0.5298,4.6056,0,0,0,0,0,0,0,-0,0,2.33605,0,0,0,0,0,0,0,0,0
3.3,0,0,0,0,0,0,2.93805,1.66353,-2.97628,3.90598e-05,-0.00025633,-0.000541173,0.000162207,-0.00109222,-0.00187945,0,0,0,0,0,0,0,0,0,0,0,0,0,0,0,0,0,0,0,0,0,0,0,0,0,0,0,0,0,0,0,0,0,0,0,0,0,-0,0,0,0.850109,0.615889,1.61548,2.99051e-05,-5.43174e-05,0.000207409,0.000118667,-0.000237936,0.000908595,0,0,0,0,0,0,0,0,0,0,0,0,0,0,0,0,0,0,0,0,0,0,0,0,0,0,0,0,0,0,0,0,0,0,0,0,0,0,0,0,0,0,0,0,0,0,0,0,0,0,0,0,2,0,0,0,0,0,2.1031,0.5298,4.6056,0,0,0,0,0,0,0,-0,0,2.33604,0,0,0,0,0,0,0,0,0
3.35,0,0,0,0,0,0,2.93805,1.66353,-2.97628,3.90598e-05,-0.00025633,-0.000541173,0.000162207,-0.00109222,-0.00187945,0,0,0,0,0,0,0,0,0,0,0,0,0,0,0,0,0,0,0,0,0,0,0,0,0,0,0,0,0,0,0,0,0,0,0,0,0,-0,0,0,0.850109,0.615889,1.61548,2.99051e-05,-5.43174e-05,0.000207409,0.000118667,-0.000237936,0.000908595,0,0,0,0,0,0,0,0,0,0,0,0,0,0,0,0,0,0,0,0,0,0,0,0,0,0,0,0,0,0,0,0,0,0,0,0,0,0,0,0,0,0,0,0,0,0,0,0,0,0,0,0,2,0,0,0,0,0,2.0951,0.5215,4.5974,0,0,0,0,0,0,0,-0,0,2.33604,0,0,0,0,0,0,0,0,0
3.4,0,0,0,0,0,0,2.93805,1.66357,-2.97629,-4.39518e-05,0.000394345,-0.000138303,-0.000202736,0.00172253,-0.000781688,0,0,0,0,0,0,0,0,0,0,0,0,0,0,0,0,0,0,0,0,0,0,0,0,0,0,0,0,0,0,0,0,0,0,0,0,0,-0,0,0,0.850108,0.615891,1.61547,-6.71486e-06,2.68594e-05,-6.67671e-05,-3.98859e-05,0.000148993,-0.00048765,0,0,0,0,0,0,0,0,0,0,0,0,0,0,0,0,0,0,0,0,0,0,0,0,0,0,0,0,0,0,0,0,0,0,0,0,0,0,0,0,0,0,0,0,0,0,0,0,0,0,0,0,2,0,0,0,0,0,2.0951,0.5215,4.5974,0,0,0,0,0,0,0,-0,0,2.33605,0,0,0,0,0,0,0,0,0
3.45,0,0,0,0,0,0,2.93805,1.66357,-2.97629,-4.39518e-05,0.000394345,-0.000138303,-0.000202736,0.00172253,-0.000781688,0,0,0,0,0,0,0,0,0,0,0,0,0,0,0,0,0,0,0,0,0,0,0,0,0,0,0,0,0,0,0,0,0,0,0,0,0,-0,0,0,0.850108,0.615891,1.61547,-6.71486e-06,2.68594e-05,-6.67671e-05,-3.98859e-05,0.000148993,-0.00048765,0,0,0,0,0,0,0,0,0,0,0,0,0,0,0,0,0,0,0,0,0,0,0,0,0,0,0,0,0,0,0,0,0,0,0,0,0,0,0,0,0,0,0,0,0,0,0,0,0,0,0,0,2,0,0,0,0,0,2.0951,0.5215,4.5974,0,0,0,0,0,0,0,-0,0,2.33605,0,0,0,0,0,0,0,0,0
3.5,0,0,0,0,0,0,2.93806,1.66357,-2.97622,8.29959e-05,-5.00416e-05,0.000736607,0.000336126,-0.000360315,0.00317515,0,0,0,0,0,0,0,0,0,0,0,0,0,0,0,0,0,0,0,0,0,0,0,0,0,0,0,0,0,0,0,0,0,0,0,0,0,-0,0,0,0.85011,0.615893,1.61546,1.28156e-05,1.83079e-05,-0.000112041,3.26324e-05,0.000107665,-0.000662687,0,0,0,0,0,0,0,0,0,0,0,0,0,0,0,0,0,0,0,0,0,0,0,0,0,0,0,0,0,0,0,0,0,0,0,0,0,0,0,0,0,0,0,0,0,0,0,0,0,0,0,0,2,0,0,0,0,0,2.0951,0.5215,4.5974,0,0,0,0,0,0,0,-0,0,2.33605,0,0,0,0,0,0,0,0,0
3.55,0,0,0,0,0,0,2.93806,1.66357,-2.97622,8.29959e-05,-5.00416e-05,0.000736607,0.000336126,-0.000360315,0.00317515,0,0,0,0,0,0,0,0,0,0,0,0,0,0,0,0,0,0,0,0,0,0,0,0,0,0,0,0,0,0,0,0,0,0,0,0,0,-0,0,0,0.85011,0.615893,1.61546,1.28156e-05,1.83079e-05,-0.000112041,3.26324e-05,0.000107665,-0.000662687,0,0,0,0,0,0,0,0,0,0,0,0,0,0,0,0,0,0,0,0,0,0,0,0,0,0,0,0,0,0,0,0,0,0,0,0,0,0,0,0,0,0,0,0,0,0,0,0,0,0,0,0,2,0,0,0,0,0,2.0895,0.5157,4.5917,0,0,0,0,0,0,0,-0,0,2.33605,0,0,0,0,0,0,0,0,0
3.6,0,0,0,0,0,0,2.93805,1.66359,-2.97622,-6.83828e-05,0.000189274,-7.632e-05,-0.000330142,0.000457931,-0.000806587,0,0,0,0,0,0,0,0,0,0,0,0,0,0,0,0,0,0,0,0,0,0,0,0,0,0,0,0,0,0,0,0,0,0,0,0,0,-0,0,0,0.850104,0.615894,1.61547,-5.43398e-05,1.09901e-05,7.03575e-05,-0.000238923,2.97995e-05,0.000307266,0,0,0,0,0,0,0,0,0,0,0,0,0,0,0,0,0,0,0,0,0,0,0,0,0,0,0,0,0,0,0,0,0,0,0,0,0,0,0,0,0,0,0,0,0,0,0,0,0,0,0,0,2,0,0,0,0,0,2.0895,0.5157,4.5917,0,0,0,0,0,0,0,-0,0,2.33606,0,0,0,0,0,0,0,0,0
3.65,0,0,0,0,0,0,2.93805,1.66359,-2.97622,-6.83828e-05,0.000189274,-7.632e-05,-0.000330142,0.000457931,-0.000806587,0,0,0,0,0,0,0,0,0,0,0,0,0,0,0,0,0,0,0,0,0,0,0,0,0,0,0,0,0,0,0,0,0,0,0,0,0,-0,0,0,0.850104,0.615894,1.61547,-5.43398e-05,1.09901e-05,7.03575e-05,-0.000238923,2.97995e-05,0.000307266,0,0,0,0,0,0,0,0,0,0,0,0,0,0,0,0,0,0,0,0,0,0,0,0,0,0,0,0,0,0,0,0,0,0,0,0,0,0,0,0,0,0,0,0,0,0,0,0,0,0,0,0,2,0,0,0,0,0,2.0895,0.5157,4.5917,0,0,0,0,0,0,0,-0,0,2.33606,0,0,0,0,0,0,0,0,0
3.7,0,0,0,0,0,0,2.93805,1.66359,-2.97619,-1.2206e-05,-4.88241e-06,0.00036475,-6.39997e-05,-0.000389897,0.000739236,0,0,0,0,0,0,0,0,0,0,0,0,0,0,0,0,0,0,0,0,0,0,0,0,0,0,0,0,0,0,0,0,0,0,0,0,0,-0,0,0,0.850104,0.615891,1.61547,-2.44121e-06,-2.92945e-05,4.88718e-05,2.71062e-05,-0.0001536,0.00022998,0,0,0,0,0,0,0,0,0,0,0,0,0,0,0,0,0,0,0,0,0,0,0,0,0,0,0,0,0,0,0,0,0,0,0,0,0,0,0,0,0,0,0,0,0,0,0,0,0,0,0,0,2,0,0,0,0,0,2.0895,0.5157,4.5917,0,0,0,0,0,0,0,-0,0,2.33606,0,0,0,0,0,0,0,0,0
3.75,0,0,0,0,0,0,2.93805,1.66359,-2.97619,-1.2206e-05,-4.88241e-06,0.00036475,-6.39997e-05,-0.000389897,0.000739236,0,0,0,0,0,0,0,0,0,0,0,0,0,0,0,0,0,0,0,0,0,0,0,0,0,0,0,0,0,0,0,0,0,0,0,0,0,-0,0,0,0.850104,0.615891,1.61547,-2.44121e-06,-2.92945e-05,4.88718e-05,2.71062e-05,-0.0001536,0.00022998,0,0,0,0,0,0,0,0,0,0,0,0,0,0,0,0,0,0,0,0,0,0,0,0,0,0,0,0,0,0,0,0,0,0,0,0,0,0,0,0,0,0,0,0,0,0,0,0,0,0,0,0,2,0,0,0,0,0,2.0894,0.5156,4.5916,0,0,0,0,0,0,0,-0,0,2.33606,0,0,0,0,0,0,0,0,0
3.8,0,0,0,0,0,0,2.93805,1.66355,-2.97619,2.19787e-05,-0.000362648,-5.72361e-05,0.000134206,-0.00177842,-0.00103323,0,0,0,0,0,0,0,0,0,0,0,0,0,0,0,0,0,0,0,0,0,0,0,0,0,0,0,0,0,0,0,0,0,0,0,0,0,-0,0,0,0.850101,0.615896,1.61546,-3.11364e-05,4.33468e-05,-0.000145475,-6.23517e-05,0.000173203,-0.000648941,0,0,0,0,0,0,0,0,0,0,0,0,0,0,0,0,0,0,0,0,0,0,0,0,0,0,0,0,0,0,0,0,0,0,0,0,0,0,0,0,0,0,0,0,0,0,0,0,0,0,0,0,2,0,0,0,0,0,2.0894,0.5156,4.5916,0,0,0,0,0,0,0,-0,0,2.33605,0,0,0,0,0,0,0,0,0
3.85,0,0,0,0,0,0,2.93805,1.66355,-2.97619,2.19787e-05,-0.000362648,-5.72361e-05,0.000134206,-0.00177842,-0.00103323,0,0,0,0,0,0,0,0,0,0,0,0,0,0,0,0,0,0,0,0,0,0,0,0,0,0,0,0,0,0,0,0,0,0,0,0,0,-0,0,0,0.850101,0.615896,1.61546,-3.11364e-05,4.33468e-05,-0.000145475,-6.23517e-05,0.000173203,-0.000648941,0,0,0,0,0,0,0,0,0,0,0,0,0,0,0,0,0,0,0,0,0,0,0,0,0,0,0,0,0,0,0,0,0,0,0,0,0,0,0,0,0,0,0,0,0,0,0,0,0,0,0,0,2,0,0,0,0,0,2.0894,0.5156,4.5916,0,0,0,0,0,0,0,-0,0,2.33605,0,0,0,0,0,0,0,0,0
3.9,0,0,0,0,0,0,2.93805,1.66356,-2.97625,-4.88222e-05,0.000111071,-0.000533993,-0.000175484,0.000636824,-0.00276535,0,0,0,0,0,0,0,0,0,0,0,0,0,0,0,0,0,0,0,0,0,0,0,0,0,0,0,0,0,0,0,0,0,0,0,0,0,-0,0,0,0.850105,0.61589,1.61546,4.51606e-05,-5.61456e-05,-1.07275e-05,0.000255296,-0.000249291,2.96995e-05,0,0,0,0,0,0,0,0,0,0,0,0,0,0,0,0,0,0,0,0,0,0,0,0,0,0,0,0,0,0,0,0,0,0,0,0,0,0,0,0,0,0,0,0,0,0,0,0,0,0,0,0,2,0,0,0,0,0,2.0894,0.5156,4.5916,0,0,0,0,0,0,0,-0,0,2.33605,0,0,0,0,0,0,0,0,0
3.95,0,0,0,0,0,0,2.93805,1.66356,-2.97625,-4.88222e-05,0.000111071,-0.000533993,-0.000175484,0.000636824,-0.00276535,0,0,0,0,0,0,0,0,0,0,0,0,0,0,0,0,0,0,0,0,0,0,0,0,0,0,0,0,0,0,0,0,0,0,0,0,0,-0,0,0,0.850105,0.61589,1.61546,4.51606e-05,-5.61456e-05,-1.07275e-05,0.000255296,-0.000249291,2.96995e-05,0,0,0,0,0,0,0,0,0,0,0,0,0,0,0,0,0,0,0,0,0,0,0,0,0,0,0,0,0,0,0,0,0,0,0,0,0,0,0,0,0,0,0,0,0,0,0,0,0,0,0,0,2,0,0,0,0,0,2.1444,0.5708,4.6467,0,0,0,0,0,0,0,-0,0,2.33605,0,0,0,0,0,0,0,0,0
4,0,0,0,0,0,0,2.93804,1.66358,-2.97628,-2.44174e-05,0.000170922,-0.000350524,-4.97447e-05,0.00094844,-0.00116147,0,0,0,0,0,0,0,0,0,0,0,0,0,0,0,0,0,0,0,0,0,0,0,0,0,0,0,0,0,0,0,0,0,0,0,0,0,-0,0,0,0.850104,0.615897,1.61546,-1.34296e-05,7.08106e-05,-2.98065e-05,-3.78436e-05,0.000300432,3.34903e-05,0,0,0,0,0,0,0,0,0,0,0,0,0,0,0,0,0,0,0,0,0,0,0,0,0,0,0,0,0,0,0,0,0,0,0,0,0,0,0,0,0,0,0,0,0,0,0,0,0,0,0,0,2,0,0,0,0,0,2.1444,0.5708,4.6467,0,0,0,0,0,0,0,-0,0,2.33605,0,0,0,0,0,0,0,0,0
4.05,0,0,0,0,0,0,2.93804,1.66358,-2.97628,-2.44174e-05,0.000170922,-0.000350524,-4.97447e-05,0.00094844,-0.00116147,0,0,0,0,0,0,0,0,0,0,0,0,0,0,0,0,0,0,0,0,0,0,0,0,0,0,0,0,0,0,0,0,0,0,0,0,0,-0,0,0,0.850104,0.615897,1.61546,-1.34296e-05,7.08106e-05,-2.98065e-05,-3.78436e-05,0.000300432,3.34903e-05,0,0,0,0,0,0,0,0,0,0,0,0,0,0,0,0,0,0,0,0,0,0,0,0,0,0,0,0,0,0,0,0,0,0,0,0,0,0,0,0,0,0,0,0,0,0,0,0,0,0,0,0,2,0,0,0,0,0,2.1444,0.5708,4.6467,0,0,0,0,0,0,0,-0,0,2.33605,0,0,0,0,0,0,0,0,0
4.1,0,0,0,0,0,0,2.93805,1.66357,-2.97628,5.85579e-05,-0.000106136,3.81236e-05,0.0003187,-0.000495419,0.00107239,0,0,0,0,0,0,0,0,0,0,0,0,0,0,0,0,0,0,0,0,0,0,0,0,0,0,0,0,0,0,0,0,0,0,0,0,0,-0,0,0,0.850105,0.61589,1.61546,6.09978e-06,-7.25873e-05,5.48027e-05,1.56441e-05,-0.000318215,0.000358689,0,0,0,0,0,0,0,0,0,0,0,0,0,0,0,0,0,0,0,0,0,0,0,0,0,0,0,0,0,0,0,0,0,0,0,0,0,0,0,0,0,0,0,0,0,0,0,0,0,0,0,0,2,0,0,0,0,0,2.1444,0.5708,4.6467,0,0,0,0,0,0,0,-0,0,2.33605,0,0,0,0,0,0,0,0,0
4.15,0,0,0,0,0,0,2.93805,1.66357,-2.97628,5.85579e-05,-0.000106136,3.81236e-05,0.0003187,-0.000495419,0.00107239,0,0,0,0,0,0,0,0,0,0,0,0,0,0,0,0,0,0,0,0,0,0,0,0,0,0,0,0,0,0,0,0,0,0,0,0,0,-0,0,0,0.850105,0.61589,1.61546,6.09978e-06,-7.25873e-05,5.48027e-05,1.56441e-05,-0.000318215,0.000358689,0,0,0,0,0,0,0,0,0,0,0,0,0,0,0,0,0,0,0,0,0,0,0,0,0,0,0,0,0,0,0,0,0,0,0,0,0,0,0,0,0,0,0,0,0,0,0,0,0,0,0,0,2,0,0,0,0,0,2.1494,0.5759,4.6517,0,0,0,0,0,0,0,-0,0,2.33605,0,0,0,0,0,0,0,0,0
4.2,0,0,0,0,0,0,2.93805,1.66355,-2.97633,3.42019e-05,-0.000134364,-0.000565418,0.000143775,-0.000605414,-0.00146514,0,0,0,0,0,0,0,0,0,0,0,0,0,0,0,0,0,0,0,0,0,0,0,0,0,0,0,0,0,0,0,0,0,0,0,0,0,-0,0,0,0.850108,0.615895,1.61547,3.54233e-05,4.76383e-05,5.24861e-05,0.000133775,0.000205721,0.000249999,0,0,0,0,0,0,0,0,0,0,0,0,0,0,0,0,0,0,0,0,0,0,0,0,0,0,0,0,0,0,0,0,0,0,0,0,0,0,0,0,0,0,0,0,0,0,0,0,0,0,0,0,2,0,0,0,0,0,2.1494,0.5759,4.6517,0,0,0,0,0,0,0,-0,0,2.33604,0,0,0,0,0,0,0,0,0
4.25,0,0,0,0,0,0,2.93805,1.66355,-2.97633,3.42019e-05,-0.000134364,-0.000565418,0.000143775,-0.000605414,-0.00146514,0,0,0,0,0,0,0,0,0,0,0,0,0,0,0,0,0,0,0,0,0,0,0,0,0,0,0,0,0,0,0,0,0,0,0,0,0,-0,0,0,0.850108,0.615895,1.61547,3.54233e-05,4.76383e-05,5.24861e-05,0.000133775,0.000205721,0.000249999,0,0,0,0,0,0,0,0,0,0,0,0,0,0,0,0,0,0,0,0,0,0,0,0,0,0,0,0,0,0,0,0,0,0,0,0,0,0,0,0,0,0,0,0,0,0,0,0,0,0,0,0,2,0,0,0,0,0,2.1494,0.5759,4.6517,0,0,0,0,0,0,0,-0,0,2.33604,0,0,0,0,0,0,0,0,0
4.3,0,0,0,0,0,0,2.93805,1.66358,-2.97625,4.88263e-06,0.00029662,0.000812977,-5.43946e-05,0.00134339,0.00428341,0,0,0,0,0,0,0,0,0,0,0,0,0,0,0,0,0,0,0,0,0,0,0,0,0,0,0,0,0,0,0,0,0,0,0,0,0,-0,0,0,0.850111,0.615886,1.61547,2.86855e-05,-8.54461e-05,-3.57615e-06,6.94671e-05,-0.000337276,-8.84691e-05,0,0,0,0,0,0,0,0,0,0,0,0,0,0,0,0,0,0,0,0,0,0,0,0,0,0,0,0,0,0,0,0,0,0,0,0,0,0,0,0,0,0,0,0,0,0,0,0,0,0,0,0,2,0,0,0,0,0,2.1494,0.5759,4.6517,0,0,0,0,0,0,0,-0,0,2.33606,0,0,0,0,0,0,0,0,0
4.35,0,0,0,0,0,0,2.93805,1.66358,-2.97625,4.88263e-06,0.00029662,0.000812977,-5.43946e-05,0.00134339,0.00428341,0,0,0,0,0,0,0,0,0,0,0,0,0,0,0,0,0,0,0,0,0,0,0,0,0,0,0,0,0,0,0,0,0,0,0,0,0,-0,0,0,0.850111,0.615886,1.61547,2.86855e-05,-8.54461e-05,-3.57615e-06,6.94671e-05,-0.000337276,-8.84691e-05,0,0,0,0,0,0,0,0,0,0,0,0,0,0,0,0,0,0,0,0,0,0,0,0,0,0,0,0,0,0,0,0,0,0,0,0,0,0,0,0,0,0,0,0,0,0,0,0,0,0,0,0,2,0,0,0,0,0,2.0894,0.5158,4.5917,0,0,0,0,0,0,0,-0,0,2.33606,0,0,0,0,0,0,0,0,0
4.4,0,0,0,0,0,0,2.93805,1.66357,-2.97623,-7.81481e-05,-0.000168507,0.000271878,-0.000391276,-0.000788055,0.00118811,0,0,0,0,0,0,0,0,0,0,0,0,0,0,0,0,0,0,0,0,0,0,0,0,0,0,0,0,0,0,0,0,0,0,0,0,0,-0,0,0,0.850107,0.615893,1.61549,-4.02951e-05,7.20428e-05,0.000226565,-0.000242649,0.000353259,0.000820564,0,0,0,0,0,0,0,0,0,0,0,0,0,0,0,0,0,0,0,0,0,0,0,0,0,0,0,0,0,0,0,0,0,0,0,0,0,0,0,0,0,0,0,0,0,0,0,0,0,0,0,0,2,0,0,0,0,0,2.0894,0.5158,4.5917,0,0,0,0,0,0,0,-0,0,2.33605,0,0,0,0,0,0,0,0,0
4.45,0,0,0,0,0,0,2.93805,1.66357,-2.97623,-7.81481e-05,-0.000168507,0.000271878,-0.000391276,-0.000788055,0.00118811,0,0,0,0,0,0,0,0,0,0,0,0,0,0,0,0,0,0,0,0,0,0,0,0,0,0,0,0,0,0,0,0,0,0,0,0,0,-0,0,0,0.850107,0.615893,1.61549,-4.02951e-05,7.20428e-05,0.000226565,-0.000242649,0.000353259,0.000820564,0,0,0,0,0,0,0,0,0,0,0,0,0,0,0,0,0,0,0,0,0,0,0,0,0,0,0,0,0,0,0,0,0,0,0,0,0,0,0,0,0,0,0,0,0,0,0,0,0,0,0,0,2,0,0,0,0,0,2.0894,0.5158,4.5917,0,0,0,0,0,0,0,-0,0,2.33605,0,0,0,0,0,0,0,0,0
4.5,0,0,0,0,0,0,2.93805,1.66357,-2.97622,7.32302e-05,2.56306e-05,0.000107271,0.00032428,1.39353e-05,-0.000362989,0,0,0,0,0,0,0,0,0,0,0,0,0,0,0,0,0,0,0,0,0,0,0,0,0,0,0,0,0,0,0,0,0,0,0,0,0,-0,0,0,0.850109,0.615885,1.61549,1.64768e-05,-7.81123e-05,-2.86056e-05,3.88765e-05,-0.000294362,-0.00040367,0,0,0,0,0,0,0,0,0,0,0,0,0,0,0,0,0,0,0,0,0,0,0,0,0,0,0,0,0,0,0,0,0,0,0,0,0,0,0,0,0,0,0,0,0,0,0,0,0,0,0,0,2,0,0,0,0,0,2.0894,0.5158,4.5917,0,0,0,0,0,0,0,-0,0,2.33606,0,0,0,0,0,0,0,0,0
4.55,0,0,0,0,0,0,2.93805,1.66357,-2.97622,7.32302e-05,2.56306e-05,0.000107271,0.00032428,1.39353e-05,-0.000362989,0,0,0,0,0,0,0,0,0,0,0,0,0,0,0,0,0,0,0,0,0,0,0,0,0,0,0,0,0,0,0,0,0,0,0,0,0,-0,0,0,0.850109,0.615885,1.61549,1.64768e-05,-7.81123e-05,-2.86056e-05,3.88765e-05,-0.000294362,-0.00040367,0,0,0,0,0,0,0,0,0,0,0,0,0,0,0,0,0,0,0,0,0,0,0,0,0,0,0,0,0,0,0,0,0,0,0,0,0,0,0,0,0,0,0,0,0,0,0,0,0,0,0,0,2,0,0,0,0,0,2.0895,0.5158,4.5917,0,0,0,0,0,0,0,-0,0,2.33606,0,0,0,0,0,0,0,0,0
4.6,0,0,0,0,0,0,2.93805,1.66359,-2.97623,-6.34739e-05,0.000180656,-0.000121588,-0.000254713,0.000736376,-0.00134251,0,0,0,0,0,0,0,0,0,0,0,0,0,0,0,0,0,0,0,0,0,0,0,0,0,0,0,0,0,0,0,0,0,0,0,0,0,-0,0,0,0.850104,0.615892,1.61547,-4.82157e-05,6.9577e-05,-0.00017523,-0.000197053,0.000325772,-0.000993981,0,0,0,0,0,0,0,0,0,0,0,0,0,0,0,0,0,0,0,0,0,0,0,0,0,0,0,0,0,0,0,0,0,0,0,0,0,0,0,0,0,0,0,0,0,0,0,0,0,0,0,0,2,0,0,0,0,0,2.0895,0.5158,4.5917,0,0,0,0,0,0,0,-0,0,2.33606,0,0,0,0,0,0,0,0,0
4.65,0,0,0,0,0,0,2.93805,1.66359,-2.97623,-6.34739e-05,0.000180656,-0.000121588,-0.000254713,0.000736376,-0.00134251,0,0,0,0,0,0,0,0,0,0,0,0,0,0,0,0,0,0,0,0,0,0,0,0,0,0,0,0,0,0,0,0,0,0,0,0,0,-0,0,0,0.850104,0.615892,1.61547,-4.82157e-05,6.9577e-05,-0.00017523,-0.000197053,0.000325772,-0.000993981,0,0,0,0,0,0,0,0,0,0,0,0,0,0,0,0,0,0,0,0,0,0,0,0,0,0,0,0,0,0,0,0,0,0,0,0,0,0,0,0,0,0,0,0,0,0,0,0,0,0,0,0,2,0,0,0,0,0,2.0895,0.5158,4.5917,0,0,0,0,0,0,0,-0,0,2.33606,0,0,0,0,0,0,0,0,0
4.7,0,0,0,0,0,0,2.93806,1.66358,-2.9762,0.000112356,-2.19826e-05,0.000257609,0.000471259,-0.000269793,0.000576439,0,0,0,0,0,0,0,0,0,0,0,0,0,0,0,0,0,0,0,0,0,0,0,0,0,0,0,0,0,0,0,0,0,0,0,0,0,-0,0,0,0.850106,0.615888,1.61547,1.83189e-05,-4.03015e-05,1.19264e-05,0.00011561,-0.00015952,7.11215e-05,0,0,0,0,0,0,0,0,0,0,0,0,0,0,0,0,0,0,0,0,0,0,0,0,0,0,0,0,0,0,0,0,0,0,0,0,0,0,0,0,0,0,0,0,0,0,0,0,0,0,0,0,2,0,0,0,0,0,2.0895,0.5158,4.5917,0,0,0,0,0,0,0,-0,0,2.33607,0,0,0,0,0,0,0,0,0
4.75,0,0,0,0,0,0,2.93806,1.66358,-2.9762,0.000112356,-2.19826e-05,0.000257609,0.000471259,-0.000269793,0.000576439,0,0,0,0,0,0,0,0,0,0,0,0,0,0,0,0,0,0,0,0,0,0,0,0,0,0,0,0,0,0,0,0,0,0,0,0,0,-0,0,0,0.850106,0.615888,1.61547,1.83189e-05,-4.03015e-05,1.19264e-05,0.00011561,-0.00015952,7.11215e-05,0,0,0,0,0,0,0,0,0,0,0,0,0,0,0,0,0,0,0,0,0,0,0,0,0,0,0,0,0,0,0,0,0,0,0,0,0,0,0,0,0,0,0,0,0,0,0,0,0,0,0,0,2,0,0,0,0,0,2.0375,0.4637,4.5397,0,0,0,0,0,0,0,-0,0,2.33607,0,0,0,0,0,0,0,0,0
4.8,0,0,0,0,0,0,2.93805,1.66359,-2.97617,-8.30182e-05,8.05765e-05,0.000305214,-0.000399275,0.000111574,0.000796386,0,0,0,0,0,0,0,0,0,0,0,0,0,0,0,0,0,0,0,0,0,0,0,0,0,0,0,0,0,0,0,0,0,0,0,0,0,-0,0,0,0.850105,0.615894,1.61547,-1.03773e-05,5.49386e-05,2.14604e-05,-2.89709e-06,0.000219028,0.000224978,0,0,0,0,0,0,0,0,0,0,0,0,0,0,0,0,0,0,0,0,0,0,0,0,0,0,0,0,0,0,0,0,0,0,0,0,0,0,0,0,0,0,0,0,0,0,0,0,0,0,0,0,2,0,0,0,0,0,2.0375,0.4637,4.5397,0,0,0,0,0,0,0,-0,0,2.33606,0,0,0,0,0,0,0,0,0
4.85,0,0,0,0,0,0,2.93805,1.66359,-2.97617,-8.30182e-05,8.05765e-05,0.000305214,-0.000399275,0.000111574,0.000796386,0,0,0,0,0,0,0,0,0,0,0,0,0,0,0,0,0,0,0,0,0,0,0,0,0,0,0,0,0,0,0,0,0,0,0,0,0,-0,0,0,0.850105,0.615894,1.61547,-1.03773e-05,5.49386e-05,2.14604e-05,-2.89709e-06,0.000219028,0.000224978,0,0,0,0,0,0,0,0,0,0,0,0,0,0,0,0,0,0,0,0,0,0,0,0,0,0,0,0,0,0,0,0,0,0,0,0,0,0,0,0,0,0,0,0,0,0,0,0,0,0,0,0,2,0,0,0,0,0,2.0375,0.4637,4.5397,0,0,0,0,0,0,0,-0,0,2.33606,0,0,0,0,0,0,0,0,0
4.9,0,0,0,0,0,0,2.93805,1.66357,-2.97625,-7.32324e-06,-0.000231903,-0.000753303,-5.51775e-05,-0.00112998,-0.0037217,0,0,0,0,0,0,0,0,0,0,0,0,0,0,0,0,0,0,0,0,0,0,0,0,0,0,0,0,0,0,0,0,0,0,0,0,0,-0,0,0,0.850103,0.615891,1.61547,-1.83081e-05,-2.44108e-05,-1.7879e-05,-4.94785e-05,-0.000134285,-1.26566e-06,0,0,0,0,0,0,0,0,0,0,0,0,0,0,0,0,0,0,0,0,0,0,0,0,0,0,0,0,0,0,0,0,0,0,0,0,0,0,0,0,0,0,0,0,0,0,0,0,0,0,0,0,2,0,0,0,0,0,2.0375,0.4637,4.5397,0,0,0,0,0,0,0,-0,0,2.33605,0,0,0,0,0,0,0,0,0
4.95,0,0,0,0,0,0,2.93805,1.66357,-2.97625,-7.32324e-06,-0.000231903,-0.000753303,-5.51775e-05,-0.00112998,-0.0037217,0,0,0,0,0,0,0,0,0,0,0,0,0,0,0,0,0,0,0,0,0,0,0,0,0,0,0,0,0,0,0,0,0,0,0,0,0,-0,0,0,0.850103,0.615891,1.61547,-1.83081e-05,-2.44108e-05,-1.7879e-05,-4.94785e-05,-0.000134285,-1.26566e-06,0,0,0,0,0,0,0,0,0,0,0,0,0,0,0,0,0,0,0,0,0,0,0,0,0,0,0,0,0,0,0,0,0,0,0,0,0,0,0,0,0,0,0,0,0,0,0,0,0,0,0,0,2,0,0,0,0,0,2.0873,0.5136,4.5896,0,0,0,0,0,0,0,-0,0,2.33605,0,0,0,0,0,0,0,0,0
5,0,0,0,0,0,0,2.93805,1.66356,-2.97616,2.92992e-05,-0.000140392,0.000839301,0.000159783,-0.000480739,0.00351785,0,0,0,0,0,0,0,0,0,0,0,0,0,0,0,0,0,0,0,0,0,0,0,0,0,0,0,0,0,0,0,0,0,0,0,0,0,-0,0,0,0.850104,0.615889,1.61546,1.64808e-05,-2.31952e-05,-0.000109681,0.000103004,-0.000123581,-0.000398188,0,0,0,0,0,0,0,0,0,0,0,0,0,0,0,0,0,0,0,0,0,0,0,0,0,0,0,0,0,0,0,0,0,0,0,0,0,0,0,0,0,0,0,0,0,0,0,0,0,0,0,0,2,0,0,0,0,0,2.0873,0.5136,4.5896,0,0,0,0,0,0,0,-0,0,2.33605,0,0,0,0,0,0,0,0,0
5.05,0,0,0,0,0,0,2.93805,1.66356,-2.97616,2.92992e-05,-0.000140392,0.000839301,0.000159783,-0.000480739,0.00351785,0,0,0,0,0,0,0,0,0,0,0,0,0,0,0,0,0,0,0,0,0,0,0,0,0,0,0,0,0,0,0,0,0,0,0,0,0,-0,0,0,0.850104,0.615889,1.61546,1.64808e-05,-2.31952e-05,-0.000109681,0.000103004,-0.000123581,-0.000398188,0,0,0,0,0,0,0,0,0,0,0,0,0,0,0,0,0,0,0,0,0,0,0,0,0,0,0,0,0,0,0,0,0,0,0,0,0,0,0,0,0,0,0,0,0,0,0,0,0,0,0,0,2,0,0,0,0,0,2.0873,0.5136,4.5896,0,0,0,0,0,0,0,-0,0,2.33605,0,0,0,0,0,0,0,0,0
5.1,0,0,0,0,0,0,2.93805,1.66354,-2.97629,-5.12589e-05,-0.000106179,-0.00131341,-0.000196867,-6.41611e-05,-0.00550986,0,0,0,0,0,0,0,0,0,0,0,0,0,0,0,0,0,0,0,0,0,0,0,0,0,0,0,0,0,0,0,0,0,0,0,0,0,-0,0,0,0.850104,0.615893,1.61547,-4.27157e-06,4.14953e-05,0.000100115,-4.4003e-07,0.000185734,0.000545482,0,0,0,0,0,0,0,0,0,0,0,0,0,0,0,0,0,0,0,0,0,0,0,0,0,0,0,0,0,0,0,0,0,0,0,0,0,0,0,0,0,0,0,0,0,0,0,0,0,0,0,0,2,0,0,0,0,0,2.0873,0.5136,4.5896,0,0,0,0,0,0,0,-0,0,2.33604,0,0,0,0,0,0,0,0,0
5.15,0,0,0,0,0,0,2.93805,1.66354,-2.97629,-5.12589e-05,-0.000106179,-0.00131341,-0.000196867,-6.41611e-05,-0.00550986,0,0,0,0,0,0,0,0,0,0,0,0,0,0,0,0,0,0,0,0,0,0,0,0,0,0,0,0,0,0,0,0,0,0,0,0,0,-0,0,0,0.850104,0.615893,1.61547,-4.27157e-06,4.14953e-05,0.000100115,-4.4003e-07,0.000185734,0.000545482,0,0,0,0,0,0,0,0,0,0,0,0,0,0,0,0,0,0,0,0,0,0,0,0,0,0,0,0,0,0,0,0,0,0,0,0,0,0,0,0,0,0,0,0,0,0,0,0,0,0,0,0,2,0,0,0,0,0,2.0378,0.4642,4.5401,0,0,0,0,0,0,0,-0,0,2.33604,0,0,0,0,0,0,0,0,0
5.2,0,0,0,0,0,0,2.93805,1.66356,-2.97623,6.59558e-05,0.000133133,0.000613087,0.000301895,0.000974155,0.00316829,0,0,0,0,0,0,0,0,0,0,0,0,0,0,0,0,0,0,0,0,0,0,0,0,0,0,0,0,0,0,0,0,0,0,0,0,0,-0,0,0,0.850112,0.615891,1.61549,8.06126e-05,-2.68709e-05,0.000239748,0.000324885,-0.000119805,0.00101305,0,0,0,0,0,0,0,0,0,0,0,0,0,0,0,0,0,0,0,0,0,0,0,0,0,0,0,0,0,0,0,0,0,0,0,0,0,0,0,0,0,0,0,0,0,0,0,0,0,0,0,0,2,0,0,0,0,0,2.0378,0.4642,4.5401,0,0,0,0,0,0,0,-0,0,2.33605,0,0,0,0,0,0,0,0,0
5.25,0,0,0,0,0,0,2.93805,1.66356,-2.97623,6.59558e-05,0.000133133,0.000613087,0.000301895,0.000974155,0.00316829,0,0,0,0,0,0,0,0,0,0,0,0,0,0,0,0,0,0,0,0,0,0,0,0,0,0,0,0,0,0,0,0,0,0,0,0,0,-0,0,0,0.850112,0.615891,1.61549,8.06126e-05,-2.68709e-05,0.000239748,0.000324885,-0.000119805,0.00101305,0,0,0,0,0,0,0,0,0,0,0,0,0,0,0,0,0,0,0,0,0,0,0,0,0,0,0,0,0,0,0,0,0,0,0,0,0,0,0,0,0,0,0,0,0,0,0,0,0,0,0,0,2,0,0,0,0,0,2.0378,0.4642,4.5401,0,0,0,0,0,0,0,-0,0,2.33605,0,0,0,0,0,0,0,0,0
5.3,0,0,0,0,0,0,2.93805,1.66356,-2.97623,6.59558e-05,0.000133133,0.000613087,0.000301895,0.000974155,0.00316829,0,0,0,0,0,0,0,0,0,0,0,0,0,0,0,0,0,0,0,0,0,0,0,0,0,0,0,0,0,0,0,0,0,0,0,0,0,-0,0,0,0.850112,0.615891,1.61549,8.06126e-05,-2.68709e-05,0.000239748,0.000324885,-0.000119805,0.00101305,0,0,0,0,0,0,0,0,0,0,0,0,0,0,0,0,0,0,0,0,0,0,0,0,0,0,0,0,0,0,0,0,0,0,0,0,0,0,0,0,0,0,0,0,0,0,0,0,0,0,0,0,2,0,0,0,0,0,2.0378,0.4642,4.5401,0,0,0,0,0,0,0,-0,0,2.33605,0,0,0,0,0,0,0,0,0
5.35,0,0,0,0,0,0,2.93806,1.66357,-2.97623,3.17338e-05,0.000113509,7.15156e-05,0.000112149,0.000647284,0.000913868,0,0,0,0,0,0,0,0,0,0,0,0,0,0,0,0,0,0,0,0,0,0,0,0,0,0,0,0,0,0,0,0,0,0,0,0,0,-0,0,0,0.850104,0.615885,1.61549,-7.68937e-05,-5.37035e-05,-3.21821e-05,-0.000390112,-0.000220554,-0.000414561,0,0,0,0,0,0,0,0,0,0,0,0,0,0,0,0,0,0,0,0,0,0,0,0,0,0,0,0,0,0,0,0,0,0,0,0,0,0,0,0,0,0,0,0,0,0,0,0,0,0,0,0,2,0,0,0,0,0,2.0895,0.5157,4.5917,0,0,0,0,0,0,0,-0,0,2.33606,0,0,0,0,0,0,0,0,0
5.4,0,0,0,0,0,0,2.93805,1.66355,-2.9763,-0.000107449,-0.000168499,-0.000720203,-0.000514517,-0.000782523,-0.00292006,0,0,0,0,0,0,0,0,0,0,0,0,0,0,0,0,0,0,0,0,0,0,0,0,0,0,0,0,0,0,0,0,0,0,0,0,0,-0,0,0,0.850105,0.615893,1.61547,9.15754e-06,7.57024e-05,-0.000194359,1.28188e-05,0.000371038,-0.00109028,0,0,0,0,0,0,0,0,0,0,0,0,0,0,0,0,0,0,0,0,0,0,0,0,0,0,0,0,0,0,0,0,0,0,0,0,0,0,0,0,0,0,0,0,0,0,0,0,0,0,0,0,2,0,0,0,0,0,2.0895,0.5157,4.5917,0,0,0,0,0,0,0,-0,0,2.33604,0,0,0,0,0,0,0,0,0
5.45,0,0,0,0,0,0,2.93805,1.66355,-2.9763,-0.000107449,-0.000168499,-0.000720203,-0.000514517,-0.000782523,-0.00292006,0,0,0,0,0,0,0,0,0,0,0,0,0,0,0,0,0,0,0,0,0,0,0,0,0,0,0,0,0,0,0,0,0,0,0,0,0,-0,0,0,0.850105,0.615893,1.61547,9.15754e-06,7.57024e-05,-0.000194359,1.28188e-05,0.000371038,-0.00109028,0,0,0,0,0,0,0,0,0,0,0,0,0,0,0,0,0,0,0,0,0,0,0,0,0,0,0,0,0,0,0,0,0,0,0,0,0,0,0,0,0,0,0,0,0,0,0,0,0,0,0,0,2,0,0,0,0,0,2.0895,0.5157,4.5917,0,0,0,0,0,0,0,-0,0,2.33604,0,0,0,0,0,0,0,0,0
5.5,0,0,0,0,0,0,2.93806,1.66357,-2.97618,9.75651e-05,0.000171959,0.00114096,0.000425456,0.000697075,0.00516487,0,0,0,0,0,0,0,0,0,0,0,0,0,0,0,0,0,0,0,0,0,0,0,0,0,0,0,0,0,0,0,0,0,0,0,0,0,-0,0,0,0.850105,0.615894,1.61548,0,8.53695e-06,6.90769e-05,2.56386e-05,3.45736e-05,0.000306674,0,0,0,0,0,0,0,0,0,0,0,0,0,0,0,0,0,0,0,0,0,0,0,0,0,0,0,0,0,0,0,0,0,0,0,0,0,0,0,0,0,0,0,0,0,0,0,0,0,0,0,0,2,0,0,0,0,0,2.0895,0.5157,4.5917,0,0,0,0,0,0,0,-0,0,2.33606,0,0,0,0,0,0,0,0,0
5.55,0,0,0,0,0,0,2.93806,1.66357,-2.97618,9.75651e-05,0.000171959,0.00114096,0.000425456,0.000697075,0.00516487,0,0,0,0,0,0,0,0,0,0,0,0,0,0,0,0,0,0,0,0,0,0,0,0,0,0,0,0,0,0,0,0,0,0,0,0,0,-0,0,0,0.850105,0.615894,1.61548,0,8.53695e-06,6.90769e-05,2.56386e-05,3.45736e-05,0.000306674,0,0,0,0,0,0,0,0,0,0,0,0,0,0,0,0,0,0,0,0,0,0,0,0,0,0,0,0,0,0,0,0,0,0,0,0,0,0,0,0,0,0,0,0,0,0,0,0,0,0,0,0,2,0,0,0,0,0,2.1193,0.5455,4.6215,0,0,0,0,0,0,0,-0,0,2.33606,0,0,0,0,0,0,0,0,0
5.6,0,0,0,0,0,0,2.93805,1.66357,-2.97624,-1.95438e-05,-1.83223e-05,-0.000565414,-8.55524e-05,-0.000142038,-0.00262615,0,0,0,0,0,0,0,0,0,0,0,0,0,0,0,0,0,0,0,0,0,0,0,0,0,0,0,0,0,0,0,0,0,0,0,0,0,-0,0,0,0.850106,0.615889,1.61547,1.09934e-05,-4.82487e-05,-9.78143e-05,6.10572e-05,-0.000251719,-0.000293794,0,0,0,0,0,0,0,0,0,0,0,0,0,0,0,0,0,0,0,0,0,0,0,0,0,0,0,0,0,0,0,0,0,0,0,0,0,0,0,0,0,0,0,0,0,0,0,0,0,0,0,0,2,0,0,0,0,0,2.1193,0.5455,4.6215,0,0,0,0,0,0,0,-0,0,2.33606,0,0,0,0,0,0,0,0,0
