0,0,0,0,0,0,0,0,0,0,0,0,0,0,0,0,0,0,0,0,0,0,0,0,0,0,0,0,0,0,0,0,0,0,0,0,0,0,0,0,0,0,0,0,0,0,0,0,0,0,0,0,0,0,0,0,0,0,0,0,0,0,0,0,0,0,0,0,0,0,0,0,0,0,0,0,0,0,0,0,0,0,0,0,0,0,0,0,0,0,0,0,0,0,0,0,0,0,0,0,0,0,0,0,0,0,0,0,0,0,0,0,0,0,0,0,0,0,0,0,0,0,0,0,0,0,0,0,0,0,0,0,0,0,0,0,0,0,0,0,0,0,0,0,0,0,0,0,0,0,0,0,0,0,0,0,0,0,0,0,0,0,0,0,0,0,0,0,0
0,0,0,0,0,0,0,3.11938,2.03776,-2.60349,-2.92974e-05,1.95316e-05,8.82166e-05,0.00268856,0.00175633,-0.00224392,0,0,0,0,0,0,0,0,0,0,0,0,0,0,0,0,0,0,0,0,0,0,0,0,0,0,0,0,0,0,0,0,0,0,0,0,0,0,0,0,1.74887,1.19814,0.0372367,0.000241703,-4.02838e-05,-0.00100163,0.00150734,0.00103266,3.2094e-05,0,0,0,0,0,0,0,0,0,0,0,0,0,0,0,0,0,0,0,0,0,0,0,0,0,0,0,0,0,0,0,0,0,0,0,0,0,0,0,0,0,0,0,0,0,0,0,0,0,0,0,0,1,0,0,0,0,0,1.7688,1.1736,0.0373,0,0,0,0,0,0,0,-0,0,1.60725,0,0,0,0,0,0,0,0,0,0,0,0,0,0,0,0,0,0,0,0,0,0,0,0,0,0,0,0,0,0,0,0,0
0,0,0,0,0,-0,0,3.11938,2.03776,-2.60352,9.76786e-06,-3.54085e-05,-0.000336247,-0.578904,-0.378341,0.481853,0,0,0,0,0,0,0,0,0,0,0,0,0,0,0,0,0,0,0,0,0,0,0,0,0,0,0,0,0,0,0,0,0,0,0,0,0,0,0,0,1.74887,1.19813,0.0371983,-3.66295e-06,-9.15738e-05,-0.000384017,-0.324597,-0.222734,-0.00844535,0,0,0,0,0,0,0,0,0,0,0,0,0,0,0,0,0,0,0,0,0,0,0,0,0,0,0,0,0,0,0,0,0,0,0,0,0,0,0,0,0,0,0,0,0,0,0,0,0,0,0,0,1,0,0,0,0,0,1.7688,1.1736,0.0373,0,0,0,0,0,0,0,-0,0,1.60726,0,0,0,0,0,0,0,0,0,0,0,0,0,0,0,0,0,0,0,0,0,0,0,0,0,0,0,0,0,0,0,0,0
0,0,0,0,0,-0,0,3.11938,2.03775,-2.60351,3.90717e-05,-5.86075e-05,0.000128776,-0.212885,-0.139361,0.178669,0,0,0,0,0,0,0,0,0,0,0,0,0,0,0,0,0,0,0,0,0,0,0,0,0,0,0,0,0,0,0,0,0,0,0,0,0,0,0,0,1.74887,1.19813,0.0371937,-1.46519e-05,-3.66297e-06,-4.56827e-05,-0.11949,-0.0817418,-0.00232034,0,0,0,0,0,0,0,0,0,0,0,0,0,0,0,0,0,0,0,0,0,0,0,0,0,0,0,0,0,0,0,0,0,0,0,0,0,0,0,0,0,0,0,0,0,0,0,0,0,0,0,0,1,0,0,0,0,0,1.7688,1.1736,0.0373,0,0,0,0,0,0,0,-0,0,1.60726,0,0,0,0,0,0,0,0,0,0,0,0,0,0,0,0,0,0,0,0,0,0,0,0,0,0,0,0,0,0,0,0,0
0,0,0,0,0,-0,0,3.11938,2.03774,-2.60354,-4.88196e-06,-0.000103742,-0.000259831,-0.0784481,-0.0515049,0.0646816,0,0,0,0,0,0,0,0,0,0,0,0,0,0,0,0,0,0,0,0,0,0,0,0,0,0,0,0,0,0,0,0,0,0,0,0,0,0,0,0,1.74887,1.19811,0.037195,-2.07483e-05,-0.000104962,1.20678e-05,-0.0440031,-0.0303981,-0.000333258,0,0,0,0,0,0,0,0,0,0,0,0,0,0,0,0,0,0,0,0,0,0,0,0,0,0,0,0,0,0,0,0,0,0,0,0,0,0,0,0,0,0,0,0,0,0,0,0,0,0,0,0,1,0,0,0,0,0,1.7688,1.1736,0.0373,0,0,0,0,0,0,0,-0,0,1.60726,0,0,0,0,0,0,0,0,0,0,0,0,0,0,0,0,0,0,0,0,0,0,0,0,0,0,0,0,0,0,0,0,0
0,0,0,0,0,-0,0,3.11938,2.03774,-2.60354,-4.88196e-06,-0.000103742,-0.000259831,-0.0784481,-0.0515049,0.0646816,0,0,0,0,0,0,0,0,0,0,0,0,0,0,0,0,0,0,0,0,0,0,0,0,0,0,0,0,0,0,0,0,0,0,0,0,0,0,0,0,1.74887,1.19811,0.037195,-2.07483e-05,-0.000104962,1.20678e-05,-0.0440031,-0.0303981,-0.000333258,0,0,0,0,0,0,0,0,0,0,0,0,0,0,0,0,0,0,0,0,0,0,0,0,0,0,0,0,0,0,0,0,0,0,0,0,0,0,0,0,0,0,0,0,0,0,0,0,0,0,0,0,1,0,0,0,0,0,1.3106,0.014,2.5964,0,0,0,0,0,0,0,-0,0,1.60726,0,0,0,0,0,0,0,0,0,0,0,0,0,0,0,0,0,0,0,0,0,0,0,0,0,0,0,0,0,0,0,0,0
0,0,0,0,0,-0,0,3.11938,2.03776,-2.6035,-4.88323e-05,0.000188004,0.000386271,-0.02908,-0.0178665,0.0259886,0,0,0,0,0,0,0,0,0,0,0,0,0,0,0,0,0,0,0,0,0,0,0,0,0,0,0,0,0,0,0,0,0,0,0,0,0,0,0,0,1.74887,1.19814,0.0372101,7.08069e-05,0.000208758,0.000151595,-0.0158366,-0.0100481,0.0006264,0,0,0,0,0,0,0,0,0,0,0,0,0,0,0,0,0,0,0,0,0,0,0,0,0,0,0,0,0,0,0,0,0,0,0,0,0,0,0,0,0,0,0,0,0,0,0,0,0,0,0,0,1,0,0,0,0,0,1.3106,0.014,2.5964,0,0,0,0,0,0,0,-0,0,1.60725,0,0,0,0,0,0,0,0,0,0,0,0,0,0,0,0,0,0,0,0,0,0,0,0,0,0,0,0,0,0,0,0,0
0,0,0,0,0,-0,0,3.11938,2.03776,-2.6035,-4.88323e-05,0.000188004,0.000386271,-0.02908,-0.0178665,0.0259886,0,0,0,0,0,0,0,0,0,0,0,0,0,0,0,0,0,0,0,0,0,0,0,0,0,0,0,0,0,0,0,0,0,0,0,0,0,0,0,0,1.74887,1.19814,0.0372101,7.08069e-05,0.000208758,0.000151595,-0.0158366,-0.0100481,0.0006264,0,0,0,0,0,0,0,0,0,0,0,0,0,0,0,0,0,0,0,0,0,0,0,0,0,0,0,0,0,0,0,0,0,0,0,0,0,0,0,0,0,0,0,0,0,0,0,0,0,0,0,0,1,0,0,0,0,0,1.3106,0.014,2.5964,0,0,0,0,0,0,0,-0,0,1.60725,0,0,0,0,0,0,0,0,0,0,0,0,0,0,0,0,0,0,0,0,0,0,0,0,0,0,0,0,0,0,0,0,0
0,0,0,0,0,-0,0,3.11938,2.03774,-2.60352,2.4421e-05,-0.000205136,-0.000193174,-0.0104889,-0.00774741,0.00805454,0,0,0,0,0,0,0,0,0,0,0,0,0,0,0,0,0,0,0,0,0,0,0,0,0,0,0,0,0,0,0,0,0,0,0,0,0,0,0,0,1.74887,1.19812,0.0372166,-7.32628e-06,-0.000192925,6.44656e-05,-0.00601028,-0.00488492,0.000157864,0,0,0,0,0,0,0,0,0,0,0,0,0,0,0,0,0,0,0,0,0,0,0,0,0,0,0,0,0,0,0,0,0,0,0,0,0,0,0,0,0,0,0,0,0,0,0,0,0,0,0,0,1,0,0,0,0,0,1.3106,0.014,2.5964,0,0,0,0,0,0,0,-0,0,1.60725,0,0,0,0,0,0,0,0,0,0,0,0,0,0,0,0,0,0,0,0,0,0,0,0,0,0,0,0,0,0,0,0,0
0,0,0,0,0,-0,0,3.11938,2.03774,-2.60352,2.4421e-05,-0.000205136,-0.000193174,-0.0104889,-0.00774741,0.00805454,0,0,0,0,0,0,0,0,0,0,0,0,0,0,0,0,0,0,0,0,0,0,0,0,0,0,0,0,0,0,0,0,0,0,0,0,0,0,0,0,1.74887,1.19812,0.0372166,-7.32628e-06,-0.000192925,6.44656e-05,-0.00601028,-0.00488492,0.000157864,0,0,0,0,0,0,0,0,0,0,0,0,0,0,0,0,0,0,0,0,0,0,0,0,0,0,0,0,0,0,0,0,0,0,0,0,0,0,0,0,0,0,0,0,0,0,0,0,0,0,0,0,1,0,0,0,0,0,1.4491,0.1524,2.7349,0,0,0,0,0,0,0,-0,0,1.60725,0,0,0,0,0,0,0,0,0,0,0,0,0,0,0,0,0,0,0,0,0,0,0,0,0,0,0,0,0,0,0,0,0
0,0,0,0,0,-0,0,3.11938,2.03777,-2.6035,-2.44147e-06,0.000263679,0.000226504,-0.00388905,-0.00140924,0.00408573,0,0,0,0,0,0,0,0,0,0,0,0,0,0,0,0,0,0,0,0,0,0,0,0,0,0,0,0,0,0,0,0,0,0,0,0,0,0,0,0,1.74887,1.19814,0.0372118,-3.78429e-05,0.000217291,-4.77223e-05,-0.00240085,-0.000595367,-0.000416865,0,0,0,0,0,0,0,0,0,0,0,0,0,0,0,0,0,0,0,0,0,0,0,0,0,0,0,0,0,0,0,0,0,0,0,0,0,0,0,0,0,0,0,0,0,0,0,0,0,0,0,0,1,0,0,0,0,0,1.4491,0.1524,2.7349,0,0,0,0,0,0,0,-0,0,1.60726,0,0,0,0,0,0,0,0,0,0,0,0,0,0,0,0,0,0,0,0,0,0,0,0,0,0,0,0,0,0,0,0,0
0,0,0,0,0,-0,0,3.11938,2.03777,-2.6035,-2.44147e-06,0.000263679,0.000226504,-0.00388905,-0.00140924,0.00408573,0,0,0,0,0,0,0,0,0,0,0,0,0,0,0,0,0,0,0,0,0,0,0,0,0,0,0,0,0,0,0,0,0,0,0,0,0,0,0,0,1.74887,1.19814,0.0372118,-3.78429e-05,0.000217291,-4.77223e-05,-0.00240085,-0.000595367,-0.000416865,0,0,0,0,0,0,0,0,0,0,0,0,0,0,0,0,0,0,0,0,0,0,0,0,0,0,0,0,0,0,0,0,0,0,0,0,0,0,0,0,0,0,0,0,0,0,0,0,0,0,0,0,1,0,0,0,0,0,1.4491,0.1524,2.7349,0,0,0,0,0,0,0,-0,0,1.60726,0,0,0,0,0,0,0,0,0,0,0,0,0,0,0,0,0,0,0,0,0,0,0,0,0,0,0,0,0,0,0,0,0
0,0,0,0,0,-0,0,3.11937,2.03777,-2.60352,-7.56812e-05,3.17373e-05,-0.000236027,-0.0017343,-0.000914906,6.77319e-05,0,0,0,0,0,0,0,0,0,0,0,0,0,0,0,0,0,0,0,0,0,0,0,0,0,0,0,0,0,0,0,0,0,0,0,0,0,0,0,0,1.74886,1.19813,0.0372051,-5.12679e-05,-7.69018e-05,-6.71276e-05,-0.00100655,-0.000952308,-0.000405651,0,0,0,0,0,0,0,0,0,0,0,0,0,0,0,0,0,0,0,0,0,0,0,0,0,0,0,0,0,0,0,0,0,0,0,0,0,0,0,0,0,0,0,0,0,0,0,0,0,0,0,0,1,0,0,0,0,0,1.4491,0.1524,2.7349,0,0,0,0,0,0,0,-0,0,1.60726,0,0,0,0,0,0,0,0,0,0,0,0,0,0,0,0,0,0,0,0,0,0,0,0,0,0,0,0,0,0,0,0,0
0,0,0,0,0,-0,0,3.11937,2.03777,-2.60352,-7.56812e-05,3.17373e-05,-0.000236027,-0.0017343,-0.000914906,6.77319e-05,0,0,0,0,0,0,0,0,0,0,0,0,0,0,0,0,0,0,0,0,0,0,0,0,0,0,0,0,0,0,0,0,0,0,0,0,0,0,0,0,1.74886,1.19813,0.0372051,-5.12679e-05,-7.69018e-05,-6.71276e-05,-0.00100655,-0.000952308,-0.000405651,0,0,0,0,0,0,0,0,0,0,0,0,0,0,0,0,0,0,0,0,0,0,0,0,0,0,0,0,0,0,0,0,0,0,0,0,0,0,0,0,0,0,0,0,0,0,0,0,0,0,0,0,1,0,0,0,0,0,1.355,0.0583,2.6408,0,0,0,0,0,0,0,-0,0,1.60726,0,0,0,0,0,0,0,0,0,0,0,0,0,0,0,0,0,0,0,0,0,0,0,0,0,0,0,0,0,0,0,0,0
0,0,0,0,0,-0,0,3.11938,2.03776,-2.60348,5.61647e-05,-0.000114771,0.00041017,-0.000222916,-0.00106787,0.00207891,0,0,0,0,0,0,0,0,0,0,0,0,0,0,0,0,0,0,0,0,0,0,0,0,0,0,0,0,0,0,0,0,0,0,0,0,0,0,0,0,1.74887,1.19812,0.0372014,8.05841e-05,-7.32582e-05,-3.7112e-05,0.000111162,-0.000605548,-0.000122103,0,0,0,0,0,0,0,0,0,0,0,0,0,0,0,0,0,0,0,0,0,0,0,0,0,0,0,0,0,0,0,0,0,0,0,0,0,0,0,0,0,0,0,0,0,0,0,0,0,0,0,0,1,0,0,0,0,0,1.355,0.0583,2.6408,0,0,0,0,0,0,0,-0,0,1.60726,0,0,0,0,0,0,0,0,0,0,0,0,0,0,0,0,0,0,0,0,0,0,0,0,0,0,0,0,0,0,0,0,0
0,0,0,0,0,-0,0,3.11938,2.03776,-2.60348,5.61647e-05,-0.000114771,0.00041017,-0.000222916,-0.00106787,0.00207891,0,0,0,0,0,0,0,0,0,0,0,0,0,0,0,0,0,0,0,0,0,0,0,0,0,0,0,0,0,0,0,0,0,0,0,0,0,0,0,0,1.74887,1.19812,0.0372014,8.05841e-05,-7.32582e-05,-3.7112e-05,0.000111162,-0.000605548,-0.000122103,0,0,0,0,0,0,0,0,0,0,0,0,0,0,0,0,0,0,0,0,0,0,0,0,0,0,0,0,0,0,0,0,0,0,0,0,0,0,0,0,0,0,0,0,0,0,0,0,0,0,0,0,1,0,0,0,0,0,1.355,0.0583,2.6408,0,0,0,0,0,0,0,-0,0,1.60726,0,0,0,0,0,0,0,0,0,0,0,0,0,0,0,0,0,0,0,0,0,0,0,0,0,0,0,0,0,0,0,0,0
0,0,0,0,0,-0,0,3.11939,2.03776,-2.6035,7.07658e-05,-4.8804e-06,-0.000171576,0.000129123,-0.000222815,-0.000803927,0,0,0,0,0,0,0,0,0,0,0,0,0,0,0,0,0,0,0,0,0,0,0,0,0,0,0,0,0,0,0,0,0,0,0,0,0,0,0,0,1.74887,1.19813,0.0372,-4.27035e-05,2.68422e-05,-1.31438e-05,-0.000274569,8.32982e-05,6.07976e-05,0,0,0,0,0,0,0,0,0,0,0,0,0,0,0,0,0,0,0,0,0,0,0,0,0,0,0,0,0,0,0,0,0,0,0,0,0,0,0,0,0,0,0,0,0,0,0,0,0,0,0,0,1,0,0,0,0,0,1.355,0.0583,2.6408,0,0,0,0,0,0,0,-0,0,1.60726,0,0,0,0,0,0,0,0,0,0,0,0,0,0,0,0,0,0,0,0,0,0,0,0,0,0,0,0,0,0,0,0,0
0,0,0,0,0,-0,0,3.11939,2.03776,-2.6035,7.07658e-05,-4.8804e-06,-0.000171576,0.000129123,-0.000222815,-0.000803927,0,0,0,0,0,0,0,0,0,0,0,0,0,0,0,0,0,0,0,0,0,0,0,0,0,0,0,0,0,0,0,0,0,0,0,0,0,0,0,0,1.74887,1.19813,0.0372,-4.27035e-05,2.68422e-05,-1.31438e-05,-0.000274569,8.32982e-05,6.07976e-05,0,0,0,0,0,0,0,0,0,0,0,0,0,0,0,0,0,0,0,0,0,0,0,0,0,0,0,0,0,0,0,0,0,0,0,0,0,0,0,0,0,0,0,0,0,0,0,0,0,0,0,0,1,0,0,0,0,0,1.4248,0.128,2.7105,0,0,0,0,0,0,0,-0,0,1.60726,0,0,0,0,0,0,0,0,0,0,0,0,0,0,0,0,0,0,0,0,0,0,0,0,0,0,0,0,0,0,0,0,0
0,0,0,0,0,-0,0,3.11938,2.03776,-2.60347,-0.000112391,3.78708e-05,0.000303024,-0.000606748,0.000151408,0.00102356,0,0,0,0,0,0,0,0,0,0,0,0,0,0,0,0,0,0,0,0,0,0,0,0,0,0,0,0,0,0,0,0,0,0,0,0,0,0,0,0,1.74887,1.19814,0.0372306,4.88658e-05,0.000102618,0.000306157,0.000148849,0.000445949,0.00133699,0,0,0,0,0,0,0,0,0,0,0,0,0,0,0,0,0,0,0,0,0,0,0,0,0,0,0,0,0,0,0,0,0,0,0,0,0,0,0,0,0,0,0,0,0,0,0,0,0,0,0,0,1,0,0,0,0,0,1.4248,0.128,2.7105,0,0,0,0,0,0,0,-0,0,1.60725,0,0,0,0,0,0,0,0,0,0,0,0,0,0,0,0,0,0,0,0,0,0,0,0,0,0,0,0,0,0,0,0,0
0,0,0,0,0,-0,0,3.11938,2.03776,-2.60347,-0.000112391,3.78708e-05,0.000303024,-0.000606748,0.000151408,0.00102356,0,0,0,0,0,0,0,0,0,0,0,0,0,0,0,0,0,0,0,0,0,0,0,0,0,0,0,0,0,0,0,0,0,0,0,0,0,0,0,0,1.74887,1.19814,0.0372306,4.88658e-05,0.000102618,0.000306157,0.000148849,0.000445949,0.00133699,0,0,0,0,0,0,0,0,0,0,0,0,0,0,0,0,0,0,0,0,0,0,0,0,0,0,0,0,0,0,0,0,0,0,0,0,0,0,0,0,0,0,0,0,0,0,0,0,0,0,0,0,1,0,0,0,0,0,1.4248,0.128,2.7105,0,0,0,0,0,0,0,-0,0,1.60725,0,0,0,0,0,0,0,0,0,0,0,0,0,0,0,0,0,0,0,0,0,0,0,0,0,0,0,0,0,0,0,0,0
0,0,0,0,0,-0,0,3.11938,2.03776,-2.60347,-0.000112391,3.78708e-05,0.000303024,-0.000606748,0.000151408,0.00102356,0,0,0,0,0,0,0,0,0,0,0,0,0,0,0,0,0,0,0,0,0,0,0,0,0,0,0,0,0,0,0,0,0,0,0,0,0,0,0,0,1.74887,1.19814,0.0372306,4.88658e-05,0.000102618,0.000306157,0.000148849,0.000445949,0.00133699,0,0,0,0,0,0,0,0,0,0,0,0,0,0,0,0,0,0,0,0,0,0,0,0,0,0,0,0,0,0,0,0,0,0,0,0,0,0,0,0,0,0,0,0,0,0,0,0,0,0,0,0,1,0,0,0,0,0,1.4248,0.128,2.7105,0,0,0,0,0,0,0,-0,0,1.60725,0,0,0,0,0,0,0,0,0,0,0,0,0,0,0,0,0,0,0,0,0,0,0,0,0,0,0,0,0,0,0,0,0
0,0,0,0,0,-0,0,3.11938,2.03776,-2.60352,1.46492e-05,2.80777e-05,-0.00050786,4.34419e-05,0.000102507,-0.00237744,0,0,0,0,0,0,0,0,0,0,0,0,0,0,0,0,0,0,0,0,0,0,0,0,0,0,0,0,0,0,0,0,0,0,0,0,0,0,0,0,1.74888,1.19813,0.0372816,7.81291e-05,-7.08045e-05,0.000510131,0.000263715,-0.000375839,0.00179131,0,0,0,0,0,0,0,0,0,0,0,0,0,0,0,0,0,0,0,0,0,0,0,0,0,0,0,0,0,0,0,0,0,0,0,0,0,0,0,0,0,0,0,0,0,0,0,0,0,0,0,0,1,0,0,0,0,0,1.3549,0.0582,2.6407,0,0,0,0,0,0,0,-0,0,1.60725,0,0,0,0,0,0,0,0,0,0,0,0,0,0,0,0,0,0,0,0,0,0,0,0,0,0,0,0,0,0,0,0,0
0,0,0,0,0,-0,0,3.11938,2.03774,-2.60351,4.63883e-05,-0.0002295,1.66899e-05,0.000240994,-0.000974306,0.000207872,0,0,0,0,0,0,0,0,0,0,0,0,0,0,0,0,0,0,0,0,0,0,0,0,0,0,0,0,0,0,0,0,0,0,0,0,0,0,0,0,1.74887,1.19812,0.0372107,-0.000124516,-5.98165e-05,-0.000709319,-0.000635856,-0.000293083,-0.00373578,0,0,0,0,0,0,0,0,0,0,0,0,0,0,0,0,0,0,0,0,0,0,0,0,0,0,0,0,0,0,0,0,0,0,0,0,0,0,0,0,0,0,0,0,0,0,0,0,0,0,0,0,1,0,0,0,0,0,1.3549,0.0582,2.6407,0,0,0,0,0,0,0,-0,0,1.60725,0,0,0,0,0,0,0,0,0,0,0,0,0,0,0,0,0,0,0,0,0,0,0,0,0,0,0,0,0,0,0,0,0
0,0,0,0,0,-0,0,3.11938,2.03774,-2.60351,4.63883e-05,-0.0002295,1.66899e-05,0.000240994,-0.000974306,0.000207872,0,0,0,0,0,0,0,0,0,0,0,0,0,0,0,0,0,0,0,0,0,0,0,0,0,0,0,0,0,0,0,0,0,0,0,0,0,0,0,0,1.74887,1.19812,0.0372107,-0.000124516,-5.98165e-05,-0.000709319,-0.000635856,-0.000293083,-0.00373578,0,0,0,0,0,0,0,0,0,0,0,0,0,0,0,0,0,0,0,0,0,0,0,0,0,0,0,0,0,0,0,0,0,0,0,0,0,0,0,0,0,0,0,0,0,0,0,0,0,0,0,0,1,0,0,0,0,0,1.3549,0.0582,2.6407,0,0,0,0,0,0,0,-0,0,1.60725,0,0,0,0,0,0,0,0,0,0,0,0,0,0,0,0,0,0,0,0,0,0,0,0,0,0,0,0,0,0,0,0,0
0,0,0,0,0,-0,0,3.11938,2.03777,-2.6035,2.44161e-06,0.000305201,0.000176444,-4.15894e-06,0.00140576,0.00111307,0,0,0,0,0,0,0,0,0,0,0,0,0,0,0,0,0,0,0,0,0,0,0,0,0,0,0,0,0,0,0,0,0,0,0,0,0,0,0,0,1.74887,1.19814,0.0372054,6.22612e-05,0.000159926,-5.36487e-05,0.000242761,0.00071325,-0.00037131,0,0,0,0,0,0,0,0,0,0,0,0,0,0,0,0,0,0,0,0,0,0,0,0,0,0,0,0,0,0,0,0,0,0,0,0,0,0,0,0,0,0,0,0,0,0,0,0,0,0,0,0,1,0,0,0,0,0,1.3549,0.0582,2.6407,0,0,0,0,0,0,0,-0,0,1.60726,0,0,0,0,0,0,0,0,0,0,0,0,0,0,0,0,0,0,0,0,0,0,0,0,0,0,0,0,0,0,0,0,0
0,0,0,0,0,-0,0,3.11938,2.03777,-2.6035,2.44161e-06,0.000305201,0.000176444,-4.15894e-06,0.00140576,0.00111307,0,0,0,0,0,0,0,0,0,0,0,0,0,0,0,0,0,0,0,0,0,0,0,0,0,0,0,0,0,0,0,0,0,0,0,0,0,0,0,0,1.74887,1.19814,0.0372054,6.22612e-05,0.000159926,-5.36487e-05,0.000242761,0.00071325,-0.00037131,0,0,0,0,0,0,0,0,0,0,0,0,0,0,0,0,0,0,0,0,0,0,0,0,0,0,0,0,0,0,0,0,0,0,0,0,0,0,0,0,0,0,0,0,0,0,0,0,0,0,0,0,1,0,0,0,0,0,1.2744,-0.0224,2.5601,0,0,0,0,0,0,0,-0,0,1.60726,0,0,0,0,0,0,0,0,0,0,0,0,0,0,0,0,0,0,0,0,0,0,0,0,0,0,0,0,0,0,0,0,0
0,0,0,0,0,-0,0,3.11938,2.03777,-2.6035,2.44161e-06,0.000305201,0.000176444,-4.15894e-06,0.00140576,0.00111307,0,0,0,0,0,0,0,0,0,0,0,0,0,0,0,0,0,0,0,0,0,0,0,0,0,0,0,0,0,0,0,0,0,0,0,0,0,0,0,0,1.74887,1.19814,0.0372054,6.22612e-05,0.000159926,-5.36487e-05,0.000242761,0.00071325,-0.00037131,0,0,0,0,0,0,0,0,0,0,0,0,0,0,0,0,0,0,0,0,0,0,0,0,0,0,0,0,0,0,0,0,0,0,0,0,0,0,0,0,0,0,0,0,0,0,0,0,0,0,0,0,1,0,0,0,0,0,1.2744,-0.0224,2.5601,0,0,0,0,0,0,0,-0,0,1.60726,0,0,0,0,0,0,0,0,0,0,0,0,0,0,0,0,0,0,0,0,0,0,0,0,0,0,0,0,0,0,0,0,0
0,0,0,0,0,-0,0,3.11938,2.03776,-2.60347,-2.92929e-05,-0.000120833,0.000297983,-0.000162482,-0.000536095,0.00127652,0,0,0,0,0,0,0,0,0,0,0,0,0,0,0,0,0,0,0,0,0,0,0,0,0,0,0,0,0,0,0,0,0,0,0,0,0,0,0,0,1.74887,1.19813,0.0372076,-9.76425e-06,-5.12623e-05,2.25721e-05,-2.31086e-05,-0.000279373,0.000536965,0,0,0,0,0,0,0,0,0,0,0,0,0,0,0,0,0,0,0,0,0,0,0,0,0,0,0,0,0,0,0,0,0,0,0,0,0,0,0,0,0,0,0,0,0,0,0,0,0,0,0,0,1,0,0,0,0,0,1.2744,-0.0224,2.5601,0,0,0,0,0,0,0,-0,0,1.60725,0,0,0,0,0,0,0,0,0,0,0,0,0,0,0,0,0,0,0,0,0,0,0,0,0,0,0,0,0,0,0,0,0
0,0,0,0,0,-0,0,3.11938,2.03775,-2.60351,0,-3.78437e-05,-0.000460171,-1.92147e-06,-0.000253005,-0.00224068,0,0,0,0,0,0,0,0,0,0,0,0,0,0,0,0,0,0,0,0,0,0,0,0,0,0,0,0,0,0,0,0,0,0,0,0,0,0,0,0,1.74887,1.19813,0.0371935,-3.29607e-05,-6.34799e-05,-0.000141345,-0.000142541,-0.000350881,-0.00020964,0,0,0,0,0,0,0,0,0,0,0,0,0,0,0,0,0,0,0,0,0,0,0,0,0,0,0,0,0,0,0,0,0,0,0,0,0,0,0,0,0,0,0,0,0,0,0,0,0,0,0,0,1,0,0,0,0,0,1.2744,-0.0224,2.5601,0,0,0,0,0,0,0,-0,0,1.60725,0,0,0,0,0,0,0,0,0,0,0,0,0,0,0,0,0,0,0,0,0,0,0,0,0,0,0,0,0,0,0,0,0
0,0,0,0,0,-0,0,3.11938,2.03775,-2.60351,0,-3.78437e-05,-0.000460171,-1.92147e-06,-0.000253005,-0.00224068,0,0,0,0,0,0,0,0,0,0,0,0,0,0,0,0,0,0,0,0,0,0,0,0,0,0,0,0,0,0,0,0,0,0,0,0,0,0,0,0,1.74887,1.19813,0.0371935,-3.29607e-05,-6.34799e-05,-0.000141345,-0.000142541,-0.000350881,-0.00020964,0,0,0,0,0,0,0,0,0,0,0,0,0,0,0,0,0,0,0,0,0,0,0,0,0,0,0,0,0,0,0,0,0,0,0,0,0,0,0,0,0,0,0,0,0,0,0,0,0,0,0,0,1,0,0,0,0,0,1.3427,0.046,2.6285,0,0,0,0,0,0,0,-0,0,1.60725,0,0,0,0,0,0,0,0,0,0,0,0,0,0,0,0,0,0,0,0,0,0,0,0,0,0,0,0,0,0,0,0,0
0,0,0,0,0,-0,0,3.11938,2.03776,-2.60347,3.90697e-05,8.5465e-05,0.00038154,0.00017668,0.000379079,0.00154179,0,0,0,0,0,0,0,0,0,0,0,0,0,0,0,0,0,0,0,0,0,0,0,0,0,0,0,0,0,0,0,0,0,0,0,0,0,0,0,0,1.74885,1.19815,0.0373325,-0.000227093,0.000180697,0.00139054,-0.000877434,0.000755279,0.00589393,0,0,0,0,0,0,0,0,0,0,0,0,0,0,0,0,0,0,0,0,0,0,0,0,0,0,0,0,0,0,0,0,0,0,0,0,0,0,0,0,0,0,0,0,0,0,0,0,0,0,0,0,1,0,0,0,0,0,1.3427,0.046,2.6285,0,0,0,0,0,0,0,-0,0,1.60727,0,0,0,0,0,0,0,0,0,0,0,0,0,0,0,0,0,0,0,0,0,0,0,0,0,0,0,0,0,0,0,0,0
0,0,0,0,0,-0,0,3.11938,2.03776,-2.60347,3.90697e-05,8.5465e-05,0.00038154,0.00017668,0.000379079,0.00154179,0,0,0,0,0,0,0,0,0,0,0,0,0,0,0,0,0,0,0,0,0,0,0,0,0,0,0,0,0,0,0,0,0,0,0,0,0,0,0,0,1.74885,1.19815,0.0373325,-0.000227093,0.000180697,0.00139054,-0.000877434,0.000755279,0.00589393,0,0,0,0,0,0,0,0,0,0,0,0,0,0,0,0,0,0,0,0,0,0,0,0,0,0,0,0,0,0,0,0,0,0,0,0,0,0,0,0,0,0,0,0,0,0,0,0,0,0,0,0,1,0,0,0,0,0,1.3427,0.046,2.6285,0,0,0,0,0,0,0,-0,0,1.60727,0,0,0,0,0,0,0,0,0,0,0,0,0,0,0,0,0,0,0,0,0,0,0,0,0,0,0,0,0,0,0,0,0
0,0,0,0,0,-0,0,3.11938,2.03775,-2.60351,-2.19746e-05,-0.000114756,-0.000309972,-0.000113639,-0.000486829,-0.00132527,0,0,0,0,0,0,0,0,0,0,0,0,0,0,0,0,0,0,0,0,0,0,0,0,0,0,0,0,0,0,0,0,0,0,0,0,0,0,0,0,1.74887,1.19813,0.0372185,0.000206318,-0.000180681,-0.00114053,0.00110536,-0.000840655,-0.00574765,0,0,0,0,0,0,0,0,0,0,0,0,0,0,0,0,0,0,0,0,0,0,0,0,0,0,0,0,0,0,0,0,0,0,0,0,0,0,0,0,0,0,0,0,0,0,0,0,0,0,0,0,1,0,0,0,0,0,1.3427,0.046,2.6285,0,0,0,0,0,0,0,-0,0,1.60726,0,0,0,0,0,0,0,0,0,0,0,0,0,0,0,0,0,0,0,0,0,0,0,0,0,0,0,0,0,0,0,0,0
0,0,0,0,0,-0,0,3.11938,2.03775,-2.60351,-2.19746e-05,-0.000114756,-0.000309972,-0.000113639,-0.000486829,-0.00132527,0,0,0,0,0,0,0,0,0,0,0,0,0,0,0,0,0,0,0,0,0,0,0,0,0,0,0,0,0,0,0,0,0,0,0,0,0,0,0,0,1.74887,1.19813,0.0372185,0.000206318,-0.000180681,-0.00114053,0.00110536,-0.000840655,-0.00574765,0,0,0,0,0,0,0,0,0,0,0,0,0,0,0,0,0,0,0,0,0,0,0,0,0,0,0,0,0,0,0,0,0,0,0,0,0,0,0,0,0,0,0,0,0,0,0,0,0,0,0,0,1,0,0,0,0,0,1.3842,0.0875,2.67,0,0,0,0,0,0,0,-0,0,1.60726,0,0,0,0,0,0,0,0,0,0,0,0,0,0,0,0,0,0,0,0,0,0,0,0,0,0,0,0,0,0,0,0,0
0,0,0,0,0,-0,0,3.11938,2.03774,-2.60351,-2.19677e-05,-7.81073e-05,2.38364e-06,-0.00010751,-0.000263107,6.42194e-05,0,0,0,0,0,0,0,0,0,0,0,0,0,0,0,0,0,0,0,0,0,0,0,0,0,0,0,0,0,0,0,0,0,0,0,0,0,0,0,0,1.74887,1.19813,0.0371993,2.44085e-06,6.10213e-06,-0.000191213,0.000117481,2.55254e-05,-0.00123389,0,0,0,0,0,0,0,0,0,0,0,0,0,0,0,0,0,0,0,0,0,0,0,0,0,0,0,0,0,0,0,0,0,0,0,0,0,0,0,0,0,0,0,0,0,0,0,0,0,0,0,0,1,0,0,0,0,0,1.3842,0.0875,2.67,0,0,0,0,0,0,0,-0,0,1.60725,0,0,0,0,0,0,0,0,0,0,0,0,0,0,0,0,0,0,0,0,0,0,0,0,0,0,0,0,0,0,0,0,0
0,0,0,0,0,-0,0,3.11938,2.03774,-2.60351,-2.19677e-05,-7.81073e-05,2.38364e-06,-0.00010751,-0.000263107,6.42194e-05,0,0,0,0,0,0,0,0,0,0,0,0,0,0,0,0,0,0,0,0,0,0,0,0,0,0,0,0,0,0,0,0,0,0,0,0,0,0,0,0,1.74887,1.19813,0.0371993,2.44085e-06,6.10213e-06,-0.000191213,0.000117481,2.55254e-05,-0.00123389,0,0,0,0,0,0,0,0,0,0,0,0,0,0,0,0,0,0,0,0,0,0,0,0,0,0,0,0,0,0,0,0,0,0,0,0,0,0,0,0,0,0,0,0,0,0,0,0,0,0,0,0,1,0,0,0,0,0,1.3842,0.0875,2.67,0,0,0,0,0,0,0,-0,0,1.60725,0,0,0,0,0,0,0,0,0,0,0,0,0,0,0,0,0,0,0,0,0,0,0,0,0,0,0,0,0,0,0,0,0
0,0,0,0,0,-0,0,3.11938,2.03776,-2.6035,2.68553e-05,0.000153808,4.2915e-05,0.000131381,0.000799043,0.000388569,0,0,0,0,0,0,0,0,0,0,0,0,0,0,0,0,0,0,0,0,0,0,0,0,0,0,0,0,0,0,0,0,0,0,0,0,0,0,0,0,1.74887,1.19814,0.0372229,5.9814e-05,0.000102538,0.000235809,0.00016608,0.00051789,0.0015765,0,0,0,0,0,0,0,0,0,0,0,0,0,0,0,0,0,0,0,0,0,0,0,0,0,0,0,0,0,0,0,0,0,0,0,0,0,0,0,0,0,0,0,0,0,0,0,0,0,0,0,0,1,0,0,0,0,0,1.3842,0.0875,2.67,0,0,0,0,0,0,0,-0,0,1.60725,0,0,0,0,0,0,0,0,0,0,0,0,0,0,0,0,0,0,0,0,0,0,0,0,0,0,0,0,0,0,0,0,0
0,0,0,0,0,-0,0,3.11938,2.03776,-2.6035,2.68553e-05,0.000153808,4.2915e-05,0.000131381,0.000799043,0.000388569,0,0,0,0,0,0,0,0,0,0,0,0,0,0,0,0,0,0,0,0,0,0,0,0,0,0,0,0,0,0,0,0,0,0,0,0,0,0,0,0,1.74887,1.19814,0.0372229,5.9814e-05,0.000102538,0.000235809,0.00016608,0.00051789,0.0015765,0,0,0,0,0,0,0,0,0,0,0,0,0,0,0,0,0,0,0,0,0,0,0,0,0,0,0,0,0,0,0,0,0,0,0,0,0,0,0,0,0,0,0,0,0,0,0,0,0,0,0,0,1,0,0,0,0,0,1.355,0.0582,2.6407,0,0,0,0,0,0,0,-0,0,1.60725,0,0,0,0,0,0,0,0,0,0,0,0,0,0,0,0,0,0,0,0,0,0,0,0,0,0,0,0,0,0,0,0,0
0,0,0,0,0,-0,0,3.11938,2.03777,-2.60349,-3.66359e-05,6.83869e-05,0.000135953,-0.000142474,0.000282171,0.000648932,0,0,0,0,0,0,0,0,0,0,0,0,0,0,0,0,0,0,0,0,0,0,0,0,0,0,0,0,0,0,0,0,0,0,0,0,0,0,0,0,1.74887,1.19814,0.0372029,-6.10598e-05,-7.32717e-06,-0.000200576,-0.000376665,-6.14005e-05,-0.000416758,0,0,0,0,0,0,0,0,0,0,0,0,0,0,0,0,0,0,0,0,0,0,0,0,0,0,0,0,0,0,0,0,0,0,0,0,0,0,0,0,0,0,0,0,0,0,0,0,0,0,0,0,1,0,0,0,0,0,1.355,0.0582,2.6407,0,0,0,0,0,0,0,-0,0,1.60726,0,0,0,0,0,0,0,0,0,0,0,0,0,0,0,0,0,0,0,0,0,0,0,0,0,0,0,0,0,0,0,0,0
0,0,0,0,0,-0,0,3.11938,2.03777,-2.60349,-3.66359e-05,6.83869e-05,0.000135953,-0.000142474,0.000282171,0.000648932,0,0,0,0,0,0,0,0,0,0,0,0,0,0,0,0,0,0,0,0,0,0,0,0,0,0,0,0,0,0,0,0,0,0,0,0,0,0,0,0,1.74887,1.19814,0.0372029,-6.10598e-05,-7.32717e-06,-0.000200576,-0.000376665,-6.14005e-05,-0.000416758,0,0,0,0,0,0,0,0,0,0,0,0,0,0,0,0,0,0,0,0,0,0,0,0,0,0,0,0,0,0,0,0,0,0,0,0,0,0,0,0,0,0,0,0,0,0,0,0,0,0,0,0,1,0,0,0,0,0,1.355,0.0582,2.6407,0,0,0,0,0,0,0,-0,0,1.60726,0,0,0,0,0,0,0,0,0,0,0,0,0,0,0,0,0,0,0,0,0,0,0,0,0,0,0,0,0,0,0,0,0
0,0,0,0,0,-0,0,3.11938,2.03774,-2.60352,4.39612e-05,-0.000232018,-0.000331522,0.000199375,-0.00110074,-0.00144277,0,0,0,0,0,0,0,0,0,0,0,0,0,0,0,0,0,0,0,0,0,0,0,0,0,0,0,0,0,0,0,0,0,0,0,0,0,0,0,0,1.74887,1.19812,0.0372064,3.66345e-06,-0.000129442,3.57759e-05,-4.11052e-05,-0.000603203,0.000424138,0,0,0,0,0,0,0,0,0,0,0,0,0,0,0,0,0,0,0,0,0,0,0,0,0,0,0,0,0,0,0,0,0,0,0,0,0,0,0,0,0,0,0,0,0,0,0,0,0,0,0,0,1,0,0,0,0,0,1.355,0.0582,2.6407,0,0,0,0,0,0,0,-0,0,1.60725,0,0,0,0,0,0,0,0,0,0,0,0,0,0,0,0,0,0,0,0,0,0,0,0,0,0,0,0,0,0,0,0,0
0,0,0,0,0,-0,0,3.11938,2.03774,-2.60352,4.39612e-05,-0.000232018,-0.000331522,0.000199375,-0.00110074,-0.00144277,0,0,0,0,0,0,0,0,0,0,0,0,0,0,0,0,0,0,0,0,0,0,0,0,0,0,0,0,0,0,0,0,0,0,0,0,0,0,0,0,1.74887,1.19812,0.0372064,3.66345e-06,-0.000129442,3.57759e-05,-4.11052e-05,-0.000603203,0.000424138,0,0,0,0,0,0,0,0,0,0,0,0,0,0,0,0,0,0,0,0,0,0,0,0,0,0,0,0,0,0,0,0,0,0,0,0,0,0,0,0,0,0,0,0,0,0,0,0,0,0,0,0,1,0,0,0,0,0,1.4052,0.1085,2.691,0,0,0,0,0,0,0,-0,0,1.60725,0,0,0,0,0,0,0,0,0,0,0,0,0,0,0,0,0,0,0,0,0,0,0,0,0,0,0,0,0,0,0,0,0
0,0,0,0,0,-0,0,3.11938,2.03775,-2.60348,-2.44102e-05,5.7364e-05,0.000412399,-0.000107154,0.000307901,0.00182273,0,0,0,0,0,0,0,0,0,0,0,0,0,0,0,0,0,0,0,0,0,0,0,0,0,0,0,0,0,0,0,0,0,0,0,0,0,0,0,0,1.74888,1.19813,0.0372141,0.000104963,6.22458e-05,7.69148e-05,0.000425545,0.000330276,0.000532985,0,0,0,0,0,0,0,0,0,0,0,0,0,0,0,0,0,0,0,0,0,0,0,0,0,0,0,0,0,0,0,0,0,0,0,0,0,0,0,0,0,0,0,0,0,0,0,0,0,0,0,0,1,0,0,0,0,0,1.4052,0.1085,2.691,0,0,0,0,0,0,0,-0,0,1.60724,0,0,0,0,0,0,0,0,0,0,0,0,0,0,0,0,0,0,0,0,0,0,0,0,0,0,0,0,0,0,0,0,0
0,0,0,0,0,-0,0,3.11938,2.03775,-2.60348,-2.44102e-05,5.7364e-05,0.000412399,-0.000107154,0.000307901,0.00182273,0,0,0,0,0,0,0,0,0,0,0,0,0,0,0,0,0,0,0,0,0,0,0,0,0,0,0,0,0,0,0,0,0,0,0,0,0,0,0,0,1.74888,1.19813,0.0372141,0.000104963,6.22458e-05,7.69148e-05,0.000425545,0.000330276,0.000532985,0,0,0,0,0,0,0,0,0,0,0,0,0,0,0,0,0,0,0,0,0,0,0,0,0,0,0,0,0,0,0,0,0,0,0,0,0,0,0,0,0,0,0,0,0,0,0,0,0,0,0,0,1,0,0,0,0,0,1.4052,0.1085,2.691,0,0,0,0,0,0,0,-0,0,1.60724,0,0,0,0,0,0,0,0,0,0,0,0,0,0,0,0,0,0,0,0,0,0,0,0,0,0,0,0,0,0,0,0,0
0,0,0,0,0,-0,0,3.11938,2.03776,-2.60351,2.92987e-05,0.000106208,-0.000257508,0.000108783,0.000570729,-0.00114053,0,0,0,0,0,0,0,0,0,0,0,0,0,0,0,0,0,0,0,0,0,0,0,0,0,0,0,0,0,0,0,0,0,0,0,0,0,0,0,0,1.74887,1.19813,0.0371974,-9.40001e-05,3.29611e-05,-0.000167462,-0.000476399,0.000207638,-0.000641765,0,0,0,0,0,0,0,0,0,0,0,0,0,0,0,0,0,0,0,0,0,0,0,0,0,0,0,0,0,0,0,0,0,0,0,0,0,0,0,0,0,0,0,0,0,0,0,0,0,0,0,0,1,0,0,0,0,0,1.4052,0.1085,2.691,0,0,0,0,0,0,0,-0,0,1.60726,0,0,0,0,0,0,0,0,0,0,0,0,0,0,0,0,0,0,0,0,0,0,0,0,0,0,0,0,0,0,0,0,0
0,0,0,0,0,-0,0,3.11938,2.03776,-2.60351,2.92987e-05,0.000106208,-0.000257508,0.000108783,0.000570729,-0.00114053,0,0,0,0,0,0,0,0,0,0,0,0,0,0,0,0,0,0,0,0,0,0,0,0,0,0,0,0,0,0,0,0,0,0,0,0,0,0,0,0,1.74887,1.19813,0.0371974,-9.40001e-05,3.29611e-05,-0.000167462,-0.000476399,0.000207638,-0.000641765,0,0,0,0,0,0,0,0,0,0,0,0,0,0,0,0,0,0,0,0,0,0,0,0,0,0,0,0,0,0,0,0,0,0,0,0,0,0,0,0,0,0,0,0,0,0,0,0,0,0,0,0,1,0,0,0,0,0,1.355,0.0582,2.6407,0,0,0,0,0,0,0,-0,0,1.60726,0,0,0,0,0,0,0,0,0,0,0,0,0,0,0,0,0,0,0,0,0,0,0,0,0,0,0,0,0,0,0,0,0
0,0,0,0,0,-0,0,3.11938,2.03778,-2.60353,-9.76688e-06,0.00015627,-0.000290908,-6.15522e-05,0.000578303,-0.00121928,0,0,0,0,0,0,0,0,0,0,0,0,0,0,0,0,0,0,0,0,0,0,0,0,0,0,0,0,0,0,0,0,0,0,0,0,0,0,0,0,1.74887,1.19813,0.0372083,2.93006e-05,-9.76688e-06,0.00010883,8.45625e-05,-6.26405e-05,0.000559646,0,0,0,0,0,0,0,0,0,0,0,0,0,0,0,0,0,0,0,0,0,0,0,0,0,0,0,0,0,0,0,0,0,0,0,0,0,0,0,0,0,0,0,0,0,0,0,0,0,0,0,0,1,0,0,0,0,0,1.355,0.0582,2.6407,0,0,0,0,0,0,0,-0,0,1.60726,0,0,0,0,0,0,0,0,0,0,0,0,0,0,0,0,0,0,0,0,0,0,0,0,0,0,0,0,0,0,0,0,0
0,0,0,0,0,-0,0,3.11938,2.03778,-2.60353,-9.76688e-06,0.00015627,-0.000290908,-6.15522e-05,0.000578303,-0.00121928,0,0,0,0,0,0,0,0,0,0,0,0,0,0,0,0,0,0,0,0,0,0,0,0,0,0,0,0,0,0,0,0,0,0,0,0,0,0,0,0,1.74887,1.19813,0.0372083,2.93006e-05,-9.76688e-06,0.00010883,8.45625e-05,-6.26405e-05,0.000559646,0,0,0,0,0,0,0,0,0,0,0,0,0,0,0,0,0,0,0,0,0,0,0,0,0,0,0,0,0,0,0,0,0,0,0,0,0,0,0,0,0,0,0,0,0,0,0,0,0,0,0,0,1,0,0,0,0,0,1.355,0.0582,2.6407,0,0,0,0,0,0,0,-0,0,1.60726,0,0,0,0,0,0,0,0,0,0,0,0,0,0,0,0,0,0,0,0,0,0,0,0,0,0,0,0,0,0,0,0,0
0,0,0,0,0,-0,0,3.11938,2.03777,-2.60348,-2.92941e-05,-9.52057e-05,0.000531622,-0.000138044,-0.000656535,0.00254382,0,0,0,0,0,0,0,0,0,0,0,0,0,0,0,0,0,0,0,0,0,0,0,0,0,0,0,0,0,0,0,0,0,0,0,0,0,0,0,0,1.74888,1.19813,0.0371932,4.27204e-05,-3.66175e-06,-0.000150226,0.000180336,-4.98027e-05,-0.000536458,0,0,0,0,0,0,0,0,0,0,0,0,0,0,0,0,0,0,0,0,0,0,0,0,0,0,0,0,0,0,0,0,0,0,0,0,0,0,0,0,0,0,0,0,0,0,0,0,0,0,0,0,1,0,0,0,0,0,1.355,0.0582,2.6407,0,0,0,0,0,0,0,-0,0,1.60725,0,0,0,0,0,0,0,0,0,0,0,0,0,0,0,0,0,0,0,0,0,0,0,0,0,0,0,0,0,0,0,0,0
0,0,0,0,0,-0,0,3.11938,2.03777,-2.60348,-2.92941e-05,-9.52057e-05,0.000531622,-0.000138044,-0.000656535,0.00254382,0,0,0,0,0,0,0,0,0,0,0,0,0,0,0,0,0,0,0,0,0,0,0,0,0,0,0,0,0,0,0,0,0,0,0,0,0,0,0,0,1.74888,1.19813,0.0371932,4.27204e-05,-3.66175e-06,-0.000150226,0.000180336,-4.98027e-05,-0.000536458,0,0,0,0,0,0,0,0,0,0,0,0,0,0,0,0,0,0,0,0,0,0,0,0,0,0,0,0,0,0,0,0,0,0,0,0,0,0,0,0,0,0,0,0,0,0,0,0,0,0,0,0,1,0,0,0,0,0,1.4179,0.1211,2.7036,0,0,0,0,0,0,0,-0,0,1.60725,0,0,0,0,0,0,0,0,0,0,0,0,0,0,0,0,0,0,0,0,0,0,0,0,0,0,0,0,0,0,0,0,0
0,0,0,0,0,-0,0,3.11938,2.03776,-2.6035,4.88376e-05,-3.66282e-05,-0.000164541,0.000218962,-0.000327256,-0.000745128,0,0,0,0,0,0,0,0,0,0,0,0,0,0,0,0,0,0,0,0,0,0,0,0,0,0,0,0,0,0,0,0,0,0,0,0,0,0,0,0,1.74887,1.19813,0.0371965,-8.66868e-05,-2.56398e-05,3.25281e-05,-0.000395845,-0.000115981,0.00025983,0,0,0,0,0,0,0,0,0,0,0,0,0,0,0,0,0,0,0,0,0,0,0,0,0,0,0,0,0,0,0,0,0,0,0,0,0,0,0,0,0,0,0,0,0,0,0,0,0,0,0,0,1,0,0,0,0,0,1.4179,0.1211,2.7036,0,0,0,0,0,0,0,-0,0,1.60726,0,0,0,0,0,0,0,0,0,0,0,0,0,0,0,0,0,0,0,0,0,0,0,0,0,0,0,0,0,0,0,0,0
0,0,0,0,0,-0,0,3.11938,2.03776,-2.6035,4.88376e-05,-3.66282e-05,-0.000164541,0.000218962,-0.000327256,-0.000745128,0,0,0,0,0,0,0,0,0,0,0,0,0,0,0,0,0,0,0,0,0,0,0,0,0,0,0,0,0,0,0,0,0,0,0,0,0,0,0,0,1.74887,1.19813,0.0371965,-8.66868e-05,-2.56398e-05,3.25281e-05,-0.000395845,-0.000115981,0.00025983,0,0,0,0,0,0,0,0,0,0,0,0,0,0,0,0,0,0,0,0,0,0,0,0,0,0,0,0,0,0,0,0,0,0,0,0,0,0,0,0,0,0,0,0,0,0,0,0,0,0,0,0,1,0,0,0,0,0,1.4179,0.1211,2.7036,0,0,0,0,0,0,0,-0,0,1.60726,0,0,0,0,0,0,0,0,0,0,0,0,0,0,0,0,0,0,0,0,0,0,0,0,0,0,0,0,0,0,0,0,0
0,0,0,0,0,-0,0,3.11938,2.03777,-2.60349,-9.76454e-06,3.6617e-05,7.39016e-05,-5.43468e-05,0.000140715,6.01925e-05,0,0,0,0,0,0,0,0,0,0,0,0,0,0,0,0,0,0,0,0,0,0,0,0,0,0,0,0,0,0,0,0,0,0,0,0,0,0,0,0,1.74888,1.19813,0.0372022,8.54396e-05,1.22057e-06,5.69533e-05,0.000372078,2.87169e-05,0.000361386,0,0,0,0,0,0,0,0,0,0,0,0,0,0,0,0,0,0,0,0,0,0,0,0,0,0,0,0,0,0,0,0,0,0,0,0,0,0,0,0,0,0,0,0,0,0,0,0,0,0,0,0,1,0,0,0,0,0,1.4179,0.1211,2.7036,0,0,0,0,0,0,0,-0,0,1.60726,0,0,0,0,0,0,0,0,0,0,0,0,0,0,0,0,0,0,0,0,0,0,0,0,0,0,0,0,0,0,0,0,0
0,0,0,0,0,-0,0,3.11938,2.03777,-2.60349,-9.76454e-06,3.6617e-05,7.39016e-05,-5.43468e-05,0.000140715,6.01925e-05,0,0,0,0,0,0,0,0,0,0,0,0,0,0,0,0,0,0,0,0,0,0,0,0,0,0,0,0,0,0,0,0,0,0,0,0,0,0,0,0,1.74888,1.19813,0.0372022,8.54396e-05,1.22057e-06,5.69533e-05,0.000372078,2.87169e-05,0.000361386,0,0,0,0,0,0,0,0,0,0,0,0,0,0,0,0,0,0,0,0,0,0,0,0,0,0,0,0,0,0,0,0,0,0,0,0,0,0,0,0,0,0,0,0,0,0,0,0,0,0,0,0,1,0,0,0,0,0,1.3253,0.0286,2.611,0,0,0,0,0,0,0,-0,0,1.60726,0,0,0,0,0,0,0,0,0,0,0,0,0,0,0,0,0,0,0,0,0,0,0,0,0,0,0,0,0,0,0,0,0
0,0,0,0,0,-0,0,3.11938,2.03775,-2.60351,9.768e-06,-0.000107448,-0.000202705,8.4194e-06,-0.000427811,-0.000960112,0,0,0,0,0,0,0,0,0,0,0,0,0,0,0,0,0,0,0,0,0,0,0,0,0,0,0,0,0,0,0,0,0,0,0,0,0,0,0,0,1.74889,1.19813,0.0372851,8.54702e-05,-1.221e-06,0.000829341,0.00032743,2.70759e-05,0.00331686,0,0,0,0,0,0,0,0,0,0,0,0,0,0,0,0,0,0,0,0,0,0,0,0,0,0,0,0,0,0,0,0,0,0,0,0,0,0,0,0,0,0,0,0,0,0,0,0,0,0,0,0,1,0,0,0,0,0,1.3253,0.0286,2.611,0,0,0,0,0,0,0,-0,0,1.60724,0,0,0,0,0,0,0,0,0,0,0,0,0,0,0,0,0,0,0,0,0,0,0,0,0,0,0,0,0,0,0,0,0
0,0,0,0,0,-0,0,3.11938,2.03775,-2.60351,9.768e-06,-0.000107448,-0.000202705,8.4194e-06,-0.000427811,-0.000960112,0,0,0,0,0,0,0,0,0,0,0,0,0,0,0,0,0,0,0,0,0,0,0,0,0,0,0,0,0,0,0,0,0,0,0,0,0,0,0,0,1.74889,1.19813,0.0372851,8.54702e-05,-1.221e-06,0.000829341,0.00032743,2.70759e-05,0.00331686,0,0,0,0,0,0,0,0,0,0,0,0,0,0,0,0,0,0,0,0,0,0,0,0,0,0,0,0,0,0,0,0,0,0,0,0,0,0,0,0,0,0,0,0,0,0,0,0,0,0,0,0,1,0,0,0,0,0,1.3253,0.0286,2.611,0,0,0,0,0,0,0,-0,0,1.60724,0,0,0,0,0,0,0,0,0,0,0,0,0,0,0,0,0,0,0,0,0,0,0,0,0,0,0,0,0,0,0,0,0
0,0,0,0,0,-0,0,3.11938,2.03776,-2.60349,-7.08129e-05,1.46509e-05,0.000219383,-0.000308418,0.000153976,0.000971801,0,0,0,0,0,0,0,0,0,0,0,0,0,0,0,0,0,0,0,0,0,0,0,0,0,0,0,0,0,0,0,0,0,0,0,0,0,0,0,0,1.74887,1.19813,0.0372011,-0.000164823,-5.37202e-05,-0.00084057,-0.000809464,-0.000193733,-0.00428025,0,0,0,0,0,0,0,0,0,0,0,0,0,0,0,0,0,0,0,0,0,0,0,0,0,0,0,0,0,0,0,0,0,0,0,0,0,0,0,0,0,0,0,0,0,0,0,0,0,0,0,0,1,0,0,0,0,0,1.3253,0.0286,2.611,0,0,0,0,0,0,0,-0,0,1.60726,0,0,0,0,0,0,0,0,0,0,0,0,0,0,0,0,0,0,0,0,0,0,0,0,0,0,0,0,0,0,0,0,0
0,0,0,0,0,-0,0,3.11938,2.03776,-2.60349,-7.08129e-05,1.46509e-05,0.000219383,-0.000308418,0.000153976,0.000971801,0,0,0,0,0,0,0,0,0,0,0,0,0,0,0,0,0,0,0,0,0,0,0,0,0,0,0,0,0,0,0,0,0,0,0,0,0,0,0,0,1.74887,1.19813,0.0372011,-0.000164823,-5.37202e-05,-0.00084057,-0.000809464,-0.000193733,-0.00428025,0,0,0,0,0,0,0,0,0,0,0,0,0,0,0,0,0,0,0,0,0,0,0,0,0,0,0,0,0,0,0,0,0,0,0,0,0,0,0,0,0,0,0,0,0,0,0,0,0,0,0,0,1,0,0,0,0,0,1.3549,0.0582,2.6407,0,0,0,0,0,0,0,-0,0,1.60726,0,0,0,0,0,0,0,0,0,0,0,0,0,0,0,0,0,0,0,0,0,0,0,0,0,0,0,0,0,0,0,0,0
0,0,0,0,0,-0,0,3.11938,2.03775,-2.60353,5.12511e-05,-0.000107383,-0.000390866,0.000259651,-0.000316425,-0.00159339,0,0,0,0,0,0,0,0,0,0,0,0,0,0,0,0,0,0,0,0,0,0,0,0,0,0,0,0,0,0,0,0,0,0,0,0,0,0,0,0,1.74887,1.19813,0.0371939,2.56255e-05,3.66078e-06,-7.1388e-05,0.000121003,8.30479e-05,-0.000525305,0,0,0,0,0,0,0,0,0,0,0,0,0,0,0,0,0,0,0,0,0,0,0,0,0,0,0,0,0,0,0,0,0,0,0,0,0,0,0,0,0,0,0,0,0,0,0,0,0,0,0,0,1,0,0,0,0,0,1.3549,0.0582,2.6407,0,0,0,0,0,0,0,-0,0,1.60725,0,0,0,0,0,0,0,0,0,0,0,0,0,0,0,0,0,0,0,0,0,0,0,0,0,0,0,0,0,0,0,0,0
0,0,0,0,0,-0,0,3.11938,2.03775,-2.60353,5.12511e-05,-0.000107383,-0.000390866,0.000259651,-0.000316425,-0.00159339,0,0,0,0,0,0,0,0,0,0,0,0,0,0,0,0,0,0,0,0,0,0,0,0,0,0,0,0,0,0,0,0,0,0,0,0,0,0,0,0,1.74887,1.19813,0.0371939,2.56255e-05,3.66078e-06,-7.1388e-05,0.000121003,8.30479e-05,-0.000525305,0,0,0,0,0,0,0,0,0,0,0,0,0,0,0,0,0,0,0,0,0,0,0,0,0,0,0,0,0,0,0,0,0,0,0,0,0,0,0,0,0,0,0,0,0,0,0,0,0,0,0,0,1,0,0,0,0,0,1.3549,0.0582,2.6407,0,0,0,0,0,0,0,-0,0,1.60725,0,0,0,0,0,0,0,0,0,0,0,0,0,0,0,0,0,0,0,0,0,0,0,0,0,0,0,0,0,0,0,0,0
0,0,0,0,0,-0,0,3.11938,2.03777,-2.60349,-9.76937e-06,0.000207599,0.00036015,-1.10869e-05,0.00100502,0.00169735,0,0,0,0,0,0,0,0,0,0,0,0,0,0,0,0,0,0,0,0,0,0,0,0,0,0,0,0,0,0,0,0,0,0,0,0,0,0,0,0,1.74888,1.19813,0.0372069,6.96068e-05,9.40302e-05,0.000129914,0.000374294,0.0004484,0.000997278,0,0,0,0,0,0,0,0,0,0,0,0,0,0,0,0,0,0,0,0,0,0,0,0,0,0,0,0,0,0,0,0,0,0,0,0,0,0,0,0,0,0,0,0,0,0,0,0,0,0,0,0,1,0,0,0,0,0,1.3549,0.0582,2.6407,0,0,0,0,0,0,0,-0,0,1.60725,0,0,0,0,0,0,0,0,0,0,0,0,0,0,0,0,0,0,0,0,0,0,0,0,0,0,0,0,0,0,0,0,0
0,0,0,0,0,-0,0,3.11938,2.03777,-2.60349,-9.76937e-06,0.000207599,0.00036015,-1.10869e-05,0.00100502,0.00169735,0,0,0,0,0,0,0,0,0,0,0,0,0,0,0,0,0,0,0,0,0,0,0,0,0,0,0,0,0,0,0,0,0,0,0,0,0,0,0,0,1.74888,1.19813,0.0372069,6.96068e-05,9.40302e-05,0.000129914,0.000374294,0.0004484,0.000997278,0,0,0,0,0,0,0,0,0,0,0,0,0,0,0,0,0,0,0,0,0,0,0,0,0,0,0,0,0,0,0,0,0,0,0,0,0,0,0,0,0,0,0,0,0,0,0,0,0,0,0,0,1,0,0,0,0,0,1.2657,-0.031,2.5515,0,0,0,0,0,0,0,-0,0,1.60725,0,0,0,0,0,0,0,0,0,0,0,0,0,0,0,0,0,0,0,0,0,0,0,0,0,0,0,0,0,0,0,0,0
0,0,0,0,0,-0,0,3.11938,2.03776,-2.60351,-2.68581e-05,-7.08076e-05,-0.000178831,-0.000111578,-0.000329913,-0.000688765,0,0,0,0,0,0,0,0,0,0,0,0,0,0,0,0,0,0,0,0,0,0,0,0,0,0,0,0,0,0,0,0,0,0,0,0,0,0,0,0,1.74887,1.19814,0.0372141,-9.40033e-05,6.10411e-06,7.18678e-05,-0.000394631,-3.25303e-05,0.000573036,0,0,0,0,0,0,0,0,0,0,0,0,0,0,0,0,0,0,0,0,0,0,0,0,0,0,0,0,0,0,0,0,0,0,0,0,0,0,0,0,0,0,0,0,0,0,0,0,0,0,0,0,1,0,0,0,0,0,1.2657,-0.031,2.5515,0,0,0,0,0,0,0,-0,0,1.60725,0,0,0,0,0,0,0,0,0,0,0,0,0,0,0,0,0,0,0,0,0,0,0,0,0,0,0,0,0,0,0,0,0
0,0,0,0,0,-0,0,3.11938,2.03776,-2.60351,-2.68581e-05,-7.08076e-05,-0.000178831,-0.000111578,-0.000329913,-0.000688765,0,0,0,0,0,0,0,0,0,0,0,0,0,0,0,0,0,0,0,0,0,0,0,0,0,0,0,0,0,0,0,0,0,0,0,0,0,0,0,0,1.74887,1.19814,0.0372141,-9.40033e-05,6.10411e-06,7.18678e-05,-0.000394631,-3.25303e-05,0.000573036,0,0,0,0,0,0,0,0,0,0,0,0,0,0,0,0,0,0,0,0,0,0,0,0,0,0,0,0,0,0,0,0,0,0,0,0,0,0,0,0,0,0,0,0,0,0,0,0,0,0,0,0,1,0,0,0,0,0,1.2657,-0.031,2.5515,0,0,0,0,0,0,0,-0,0,1.60725,0,0,0,0,0,0,0,0,0,0,0,0,0,0,0,0,0,0,0,0,0,0,0,0,0,0,0,0,0,0,0,0,0
0,0,0,0,0,-0,0,3.11938,2.03776,-2.60348,5.12738e-05,2.92993e-05,0.000305201,0.000231591,2.11335e-05,0.00119738,0,0,0,0,0,0,0,0,0,0,0,0,0,0,0,0,0,0,0,0,0,0,0,0,0,0,0,0,0,0,0,0,0,0,0,0,0,0,0,0,1.74889,1.19814,0.037278,0.000166029,4.15073e-05,0.000638567,0.000697944,5.67968e-05,0.002551,0,0,0,0,0,0,0,0,0,0,0,0,0,0,0,0,0,0,0,0,0,0,0,0,0,0,0,0,0,0,0,0,0,0,0,0,0,0,0,0,0,0,0,0,0,0,0,0,0,0,0,0,1,0,0,0,0,0,1.2657,-0.031,2.5515,0,0,0,0,0,0,0,-0,0,1.60724,0,0,0,0,0,0,0,0,0,0,0,0,0,0,0,0,0,0,0,0,0,0,0,0,0,0,0,0,0,0,0,0,0
0,0,0,0,0,-0,0,3.11938,2.03776,-2.60348,5.12738e-05,2.92993e-05,0.000305201,0.000231591,2.11335e-05,0.00119738,0,0,0,0,0,0,0,0,0,0,0,0,0,0,0,0,0,0,0,0,0,0,0,0,0,0,0,0,0,0,0,0,0,0,0,0,0,0,0,0,1.74889,1.19814,0.037278,0.000166029,4.15073e-05,0.000638567,0.000697944,5.67968e-05,0.002551,0,0,0,0,0,0,0,0,0,0,0,0,0,0,0,0,0,0,0,0,0,0,0,0,0,0,0,0,0,0,0,0,0,0,0,0,0,0,0,0,0,0,0,0,0,0,0,0,0,0,0,0,1,0,0,0,0,0,1.3687,0.0719,2.6545,0,0,0,0,0,0,0,-0,0,1.60724,0,0,0,0,0,0,0,0,0,0,0,0,0,0,0,0,0,0,0,0,0,0,0,0,0,0,0,0,0,0,0,0,0
0,0,0,0,0,-0,0,3.11938,2.03775,-2.60349,0,-7.81325e-05,-9.29922e-05,-1.93628e-05,-0.000369055,-0.000616769,0,0,0,0,0,0,0,0,0,0,0,0,0,0,0,0,0,0,0,0,0,0,0,0,0,0,0,0,0,0,0,0,0,0,0,0,0,0,0,0,1.74887,1.19813,0.037255,-0.000158707,-0.000108653,-0.000229687,-0.000730571,-0.000553802,-0.00166978,0,0,0,0,0,0,0,0,0,0,0,0,0,0,0,0,0,0,0,0,0,0,0,0,0,0,0,0,0,0,0,0,0,0,0,0,0,0,0,0,0,0,0,0,0,0,0,0,0,0,0,0,1,0,0,0,0,0,1.3687,0.0719,2.6545,0,0,0,0,0,0,0,-0,0,1.60726,0,0,0,0,0,0,0,0,0,0,0,0,0,0,0,0,0,0,0,0,0,0,0,0,0,0,0,0,0,0,0,0,0
0,0,0,0,0,-0,0,3.11938,2.03775,-2.60349,0,-7.81325e-05,-9.29922e-05,-1.93628e-05,-0.000369055,-0.000616769,0,0,0,0,0,0,0,0,0,0,0,0,0,0,0,0,0,0,0,0,0,0,0,0,0,0,0,0,0,0,0,0,0,0,0,0,0,0,0,0,1.74887,1.19813,0.037255,-0.000158707,-0.000108653,-0.000229687,-0.000730571,-0.000553802,-0.00166978,0,0,0,0,0,0,0,0,0,0,0,0,0,0,0,0,0,0,0,0,0,0,0,0,0,0,0,0,0,0,0,0,0,0,0,0,0,0,0,0,0,0,0,0,0,0,0,0,0,0,0,0,1,0,0,0,0,0,1.3687,0.0719,2.6545,0,0,0,0,0,0,0,-0,0,1.60726,0,0,0,0,0,0,0,0,0,0,0,0,0,0,0,0,0,0,0,0,0,0,0,0,0,0,0,0,0,0,0,0,0
0,0,0,0,0,-0,0,3.11938,2.03776,-2.60349,-3.41814e-05,5.37136e-05,-2.38431e-05,-0.000182174,0.000252398,-0.000339608,0,0,0,0,0,0,0,0,0,0,0,0,0,0,0,0,0,0,0,0,0,0,0,0,0,0,0,0,0,0,0,0,0,0,0,0,0,0,0,0,1.74887,1.19814,0.0371948,-3.29606e-05,0.000125739,-0.000601404,-0.000129602,0.000521374,-0.00305925,0,0,0,0,0,0,0,0,0,0,0,0,0,0,0,0,0,0,0,0,0,0,0,0,0,0,0,0,0,0,0,0,0,0,0,0,0,0,0,0,0,0,0,0,0,0,0,0,0,0,0,0,1,0,0,0,0,0,1.3687,0.0719,2.6545,0,0,0,0,0,0,0,-0,0,1.60725,0,0,0,0,0,0,0,0,0,0,0,0,0,0,0,0,0,0,0,0,0,0,0,0,0,0,0,0,0,0,0,0,0
0,0,0,0,0,-0,0,3.11938,2.03776,-2.60349,-3.41814e-05,5.37136e-05,-2.38431e-05,-0.000182174,0.000252398,-0.000339608,0,0,0,0,0,0,0,0,0,0,0,0,0,0,0,0,0,0,0,0,0,0,0,0,0,0,0,0,0,0,0,0,0,0,0,0,0,0,0,0,1.74887,1.19814,0.0371948,-3.29606e-05,0.000125739,-0.000601404,-0.000129602,0.000521374,-0.00305925,0,0,0,0,0,0,0,0,0,0,0,0,0,0,0,0,0,0,0,0,0,0,0,0,0,0,0,0,0,0,0,0,0,0,0,0,0,0,0,0,0,0,0,0,0,0,0,0,0,0,0,0,1,0,0,0,0,0,1.3606,0.0639,2.6464,0,0,0,0,0,0,0,-0,0,1.60725,0,0,0,0,0,0,0,0,0,0,0,0,0,0,0,0,0,0,0,0,0,0,0,0,0,0,0,0,0,0,0,0,0
0,0,0,0,0,-0,0,3.11939,2.03776,-2.60351,9.03342e-05,2.92976e-05,-0.00017405,0.00036611,0.000138107,-0.000766589,0,0,0,0,0,0,0,0,0,0,0,0,0,0,0,0,0,0,0,0,0,0,0,0,0,0,0,0,0,0,0,0,0,0,0,0,0,0,0,0,1.74887,1.19813,0.0371831,4.63878e-05,-0.000157474,-0.000117722,0.000320584,-0.00067306,-9.23059e-05,0,0,0,0,0,0,0,0,0,0,0,0,0,0,0,0,0,0,0,0,0,0,0,0,0,0,0,0,0,0,0,0,0,0,0,0,0,0,0,0,0,0,0,0,0,0,0,0,0,0,0,0,1,0,0,0,0,0,1.3606,0.0639,2.6464,0,0,0,0,0,0,0,-0,0,1.60727,0,0,0,0,0,0,0,0,0,0,0,0,0,0,0,0,0,0,0,0,0,0,0,0,0,0,0,0,0,0,0,0,0
0,0,0,0,0,-0,0,3.11939,2.03776,-2.60351,9.03342e-05,2.92976e-05,-0.00017405,0.00036611,0.000138107,-0.000766589,0,0,0,0,0,0,0,0,0,0,0,0,0,0,0,0,0,0,0,0,0,0,0,0,0,0,0,0,0,0,0,0,0,0,0,0,0,0,0,0,1.74887,1.19813,0.0371831,4.63878e-05,-0.000157474,-0.000117722,0.000320584,-0.00067306,-9.23059e-05,0,0,0,0,0,0,0,0,0,0,0,0,0,0,0,0,0,0,0,0,0,0,0,0,0,0,0,0,0,0,0,0,0,0,0,0,0,0,0,0,0,0,0,0,0,0,0,0,0,0,0,0,1,0,0,0,0,0,1.3606,0.0639,2.6464,0,0,0,0,0,0,0,-0,0,1.60727,0,0,0,0,0,0,0,0,0,0,0,0,0,0,0,0,0,0,0,0,0,0,0,0,0,0,0,0,0,0,0,0,0
0,0,0,0,0,-0,0,3.11938,2.03777,-2.60352,-3.66244e-05,3.66244e-05,-7.1532e-05,-0.00021326,9.67297e-05,-0.000108438,0,0,0,0,0,0,0,0,0,0,0,0,0,0,0,0,0,0,0,0,0,0,0,0,0,0,0,0,0,0,0,0,0,0,0,0,0,0,0,0,1.74887,1.19813,0.0371999,-2.31954e-05,4.76117e-05,0.000167988,-2.46132e-05,0.000253679,0.00148778,0,0,0,0,0,0,0,0,0,0,0,0,0,0,0,0,0,0,0,0,0,0,0,0,0,0,0,0,0,0,0,0,0,0,0,0,0,0,0,0,0,0,0,0,0,0,0,0,0,0,0,0,1,0,0,0,0,0,1.3606,0.0639,2.6464,0,0,0,0,0,0,0,-0,0,1.60727,0,0,0,0,0,0,0,0,0,0,0,0,0,0,0,0,0,0,0,0,0,0,0,0,0,0,0,0,0,0,0,0,0
0,0,0,0,0,-0,0,3.11938,2.03777,-2.60352,-3.66244e-05,3.66244e-05,-7.1532e-05,-0.00021326,9.67297e-05,-0.000108438,0,0,0,0,0,0,0,0,0,0,0,0,0,0,0,0,0,0,0,0,0,0,0,0,0,0,0,0,0,0,0,0,0,0,0,0,0,0,0,0,1.74887,1.19813,0.0371999,-2.31954e-05,4.76117e-05,0.000167988,-2.46132e-05,0.000253679,0.00148778,0,0,0,0,0,0,0,0,0,0,0,0,0,0,0,0,0,0,0,0,0,0,0,0,0,0,0,0,0,0,0,0,0,0,0,0,0,0,0,0,0,0,0,0,0,0,0,0,0,0,0,0,1,0,0,0,0,0,1.355,0.0583,2.6407,0,0,0,0,0,0,0,-0,0,1.60727,0,0,0,0,0,0,0,0,0,0,0,0,0,0,0,0,0,0,0,0,0,0,0,0,0,0,0,0,0,0,0,0,0
0,0,0,0,0,-0,0,3.11938,2.03776,-2.60351,-3.4177e-05,-5.61479e-05,3.33759e-05,-0.000196691,-0.00031821,0.000443137,0,0,0,0,0,0,0,0,0,0,0,0,0,0,0,0,0,0,0,0,0,0,0,0,0,0,0,0,0,0,0,0,0,0,0,0,0,0,0,0,1.74887,1.19813,0.0372151,2.92945e-05,-3.66182e-05,0.000152203,0.000148235,-5.88105e-05,0.00104413,0,0,0,0,0,0,0,0,0,0,0,0,0,0,0,0,0,0,0,0,0,0,0,0,0,0,0,0,0,0,0,0,0,0,0,0,0,0,0,0,0,0,0,0,0,0,0,0,0,0,0,0,1,0,0,0,0,0,1.355,0.0583,2.6407,0,0,0,0,0,0,0,-0,0,1.60726,0,0,0,0,0,0,0,0,0,0,0,0,0,0,0,0,0,0,0,0,0,0,0,0,0,0,0,0,0,0,0,0,0
0,0,0,0,0,-0,0,3.11938,2.03776,-2.60351,-3.4177e-05,-5.61479e-05,3.33759e-05,-0.000196691,-0.00031821,0.000443137,0,0,0,0,0,0,0,0,0,0,0,0,0,0,0,0,0,0,0,0,0,0,0,0,0,0,0,0,0,0,0,0,0,0,0,0,0,0,0,0,1.74887,1.19813,0.0372151,2.92945e-05,-3.66182e-05,0.000152203,0.000148235,-5.88105e-05,0.00104413,0,0,0,0,0,0,0,0,0,0,0,0,0,0,0,0,0,0,0,0,0,0,0,0,0,0,0,0,0,0,0,0,0,0,0,0,0,0,0,0,0,0,0,0,0,0,0,0,0,0,0,0,1,0,0,0,0,0,1.355,0.0583,2.6407,0,0,0,0,0,0,0,-0,0,1.60726,0,0,0,0,0,0,0,0,0,0,0,0,0,0,0,0,0,0,0,0,0,0,0,0,0,0,0,0,0,0,0,0,0
0,0,0,0,0,-0,0,3.11938,2.03776,-2.60351,1.46513e-05,7.32567e-06,4.76932e-06,7.92573e-05,6.41314e-06,0.000226424,0,0,0,0,0,0,0,0,0,0,0,0,0,0,0,0,0,0,0,0,0,0,0,0,0,0,0,0,0,0,0,0,0,0,0,0,0,0,0,0,1.74888,1.19813,0.0372215,9.76756e-05,-1.34304e-05,6.4423e-05,0.000385613,1.50616e-05,0.000216079,0,0,0,0,0,0,0,0,0,0,0,0,0,0,0,0,0,0,0,0,0,0,0,0,0,0,0,0,0,0,0,0,0,0,0,0,0,0,0,0,0,0,0,0,0,0,0,0,0,0,0,0,1,0,0,0,0,0,1.355,0.0583,2.6407,0,0,0,0,0,0,0,-0,0,1.60725,0,0,0,0,0,0,0,0,0,0,0,0,0,0,0,0,0,0,0,0,0,0,0,0,0,0,0,0,0,0,0,0,0
0,0,0,0,0,-0,0,3.11938,2.03776,-2.60351,1.46513e-05,7.32567e-06,4.76932e-06,7.92573e-05,6.41314e-06,0.000226424,0,0,0,0,0,0,0,0,0,0,0,0,0,0,0,0,0,0,0,0,0,0,0,0,0,0,0,0,0,0,0,0,0,0,0,0,0,0,0,0,1.74888,1.19813,0.0372215,9.76756e-05,-1.34304e-05,6.4423e-05,0.000385613,1.50616e-05,0.000216079,0,0,0,0,0,0,0,0,0,0,0,0,0,0,0,0,0,0,0,0,0,0,0,0,0,0,0,0,0,0,0,0,0,0,0,0,0,0,0,0,0,0,0,0,0,0,0,0,0,0,0,0,1,0,0,0,0,0,1.3549,0.0582,2.6407,0,0,0,0,0,0,0,-0,0,1.60725,0,0,0,0,0,0,0,0,0,0,0,0,0,0,0,0,0,0,0,0,0,0,0,0,0,0,0,0,0,0,0,0,0
0,0,0,0,0,-0,0,3.11938,2.03775,-2.60351,-3.90573e-05,-9.03199e-05,-3.09903e-05,-0.00012967,-0.000342391,-3.62647e-05,0,0,0,0,0,0,0,0,0,0,0,0,0,0,0,0,0,0,0,0,0,0,0,0,0,0,0,0,0,0,0,0,0,0,0,0,0,0,0,0,1.74887,1.19812,0.0372045,-0.000117172,-6.1027e-06,-0.000170335,-0.000594767,4.83092e-05,-0.000920322,0,0,0,0,0,0,0,0,0,0,0,0,0,0,0,0,0,0,0,0,0,0,0,0,0,0,0,0,0,0,0,0,0,0,0,0,0,0,0,0,0,0,0,0,0,0,0,0,0,0,0,0,1,0,0,0,0,0,1.3549,0.0582,2.6407,0,0,0,0,0,0,0,-0,0,1.60726,0,0,0,0,0,0,0,0,0,0,0,0,0,0,0,0,0,0,0,0,0,0,0,0,0,0,0,0,0,0,0,0,0
0,0,0,0,0,-0,0,3.11938,2.03775,-2.60351,-3.90573e-05,-9.03199e-05,-3.09903e-05,-0.00012967,-0.000342391,-3.62647e-05,0,0,0,0,0,0,0,0,0,0,0,0,0,0,0,0,0,0,0,0,0,0,0,0,0,0,0,0,0,0,0,0,0,0,0,0,0,0,0,0,1.74887,1.19812,0.0372045,-0.000117172,-6.1027e-06,-0.000170335,-0.000594767,4.83092e-05,-0.000920322,0,0,0,0,0,0,0,0,0,0,0,0,0,0,0,0,0,0,0,0,0,0,0,0,0,0,0,0,0,0,0,0,0,0,0,0,0,0,0,0,0,0,0,0,0,0,0,0,0,0,0,0,1,0,0,0,0,0,1.3549,0.0582,2.6407,0,0,0,0,0,0,0,-0,0,1.60726,0,0,0,0,0,0,0,0,0,0,0,0,0,0,0,0,0,0,0,0,0,0,0,0,0,0,0,0,0,0,0,0,0
0,0,0,0,0,-0,0,3.11938,2.03777,-2.60349,-3.90541e-05,0.000173303,0.000202612,-0.000106108,0.000800657,0.000876132,0,0,0,0,0,0,0,0,0,0,0,0,0,0,0,0,0,0,0,0,0,0,0,0,0,0,0,0,0,0,0,0,0,0,0,0,0,0,0,0,1.74887,1.19813,0.0372176,6.1022e-06,5.36994e-05,0.000130581,2.82969e-06,0.00027247,0.000496106,0,0,0,0,0,0,0,0,0,0,0,0,0,0,0,0,0,0,0,0,0,0,0,0,0,0,0,0,0,0,0,0,0,0,0,0,0,0,0,0,0,0,0,0,0,0,0,0,0,0,0,0,1,0,0,0,0,0,1.3549,0.0582,2.6407,0,0,0,0,0,0,0,-0,0,1.60726,0,0,0,0,0,0,0,0,0,0,0,0,0,0,0,0,0,0,0,0,0,0,0,0,0,0,0,0,0,0,0,0,0
0,0,0,0,0,-0,0,3.11938,2.03777,-2.60349,-3.90541e-05,0.000173303,0.000202612,-0.000106108,0.000800657,0.000876132,0,0,0,0,0,0,0,0,0,0,0,0,0,0,0,0,0,0,0,0,0,0,0,0,0,0,0,0,0,0,0,0,0,0,0,0,0,0,0,0,1.74887,1.19813,0.0372176,6.1022e-06,5.36994e-05,0.000130581,2.82969e-06,0.00027247,0.000496106,0,0,0,0,0,0,0,0,0,0,0,0,0,0,0,0,0,0,0,0,0,0,0,0,0,0,0,0,0,0,0,0,0,0,0,0,0,0,0,0,0,0,0,0,0,0,0,0,0,0,0,0,1,0,0,0,0,0,1.41,0.1132,2.6957,0,0,0,0,0,0,0,-0,0,1.60726,0,0,0,0,0,0,0,0,0,0,0,0,0,0,0,0,0,0,0,0,0,0,0,0,0,0,0,0,0,0,0,0,0
0,0,0,0,0,-0,0,3.11938,2.03777,-2.60347,1.46534e-05,-3.17491e-05,0.000236115,0.000154101,-0.000184031,0.000783207,0,0,0,0,0,0,0,0,0,0,0,0,0,0,0,0,0,0,0,0,0,0,0,0,0,0,0,0,0,0,0,0,0,0,0,0,0,0,0,0,1.74887,1.19813,0.0371944,9.76896e-06,1.22112e-06,-0.000231494,9.72033e-05,-1.5792e-05,-0.000957261,0,0,0,0,0,0,0,0,0,0,0,0,0,0,0,0,0,0,0,0,0,0,0,0,0,0,0,0,0,0,0,0,0,0,0,0,0,0,0,0,0,0,0,0,0,0,0,0,0,0,0,0,1,0,0,0,0,0,1.41,0.1132,2.6957,0,0,0,0,0,0,0,-0,0,1.60726,0,0,0,0,0,0,0,0,0,0,0,0,0,0,0,0,0,0,0,0,0,0,0,0,0,0,0,0,0,0,0,0,0
0,0,0,0,0,-0,0,3.11938,2.03777,-2.60347,1.46534e-05,-3.17491e-05,0.000236115,0.000154101,-0.000184031,0.000783207,0,0,0,0,0,0,0,0,0,0,0,0,0,0,0,0,0,0,0,0,0,0,0,0,0,0,0,0,0,0,0,0,0,0,0,0,0,0,0,0,1.74887,1.19813,0.0371944,9.76896e-06,1.22112e-06,-0.000231494,9.72033e-05,-1.5792e-05,-0.000957261,0,0,0,0,0,0,0,0,0,0,0,0,0,0,0,0,0,0,0,0,0,0,0,0,0,0,0,0,0,0,0,0,0,0,0,0,0,0,0,0,0,0,0,0,0,0,0,0,0,0,0,0,1,0,0,0,0,0,1.41,0.1132,2.6957,0,0,0,0,0,0,0,-0,0,1.60726,0,0,0,0,0,0,0,0,0,0,0,0,0,0,0,0,0,0,0,0,0,0,0,0,0,0,0,0,0,0,0,0,0
0,0,0,0,0,-0,0,3.11938,2.03776,-2.60349,6.59217e-05,-2.6857e-05,-0.000236048,0.00033261,-0.000224227,-0.00142866,0,0,0,0,0,0,0,0,0,0,0,0,0,0,0,0,0,0,0,0,0,0,0,0,0,0,0,0,0,0,0,0,0,0,0,0,0,0,0,0,1.74887,1.19813,0.0371994,1.46493e-05,2.31947e-05,5.01826e-05,9.0647e-05,3.93154e-05,0.000353798,0,0,0,0,0,0,0,0,0,0,0,0,0,0,0,0,0,0,0,0,0,0,0,0,0,0,0,0,0,0,0,0,0,0,0,0,0,0,0,0,0,0,0,0,0,0,0,0,0,0,0,0,1,0,0,0,0,0,1.41,0.1132,2.6957,0,0,0,0,0,0,0,-0,0,1.60726,0,0,0,0,0,0,0,0,0,0,0,0,0,0,0,0,0,0,0,0,0,0,0,0,0,0,0,0,0,0,0,0,0
0,0,0,0,0,-0,0,3.11938,2.03776,-2.60349,6.59217e-05,-2.6857e-05,-0.000236048,0.00033261,-0.000224227,-0.00142866,0,0,0,0,0,0,0,0,0,0,0,0,0,0,0,0,0,0,0,0,0,0,0,0,0,0,0,0,0,0,0,0,0,0,0,0,0,0,0,0,1.74887,1.19813,0.0371994,1.46493e-05,2.31947e-05,5.01826e-05,9.0647e-05,3.93154e-05,0.000353798,0,0,0,0,0,0,0,0,0,0,0,0,0,0,0,0,0,0,0,0,0,0,0,0,0,0,0,0,0,0,0,0,0,0,0,0,0,0,0,0,0,0,0,0,0,0,0,0,0,0,0,0,1,0,0,0,0,0,1.415,0.1182,2.7007,0,0,0,0,0,0,0,-0,0,1.60726,0,0,0,0,0,0,0,0,0,0,0,0,0,0,0,0,0,0,0,0,0,0,0,0,0,0,0,0,0,0,0,0,0
0,0,0,0,0,-0,0,3.11937,2.03775,-2.6035,-9.27884e-05,-9.7672e-05,-7.39217e-05,-0.000410278,-0.00042303,-0.000509509,0,0,0,0,0,0,0,0,0,0,0,0,0,0,0,0,0,0,0,0,0,0,0,0,0,0,0,0,0,0,0,0,0,0,0,0,0,0,0,0,1.74887,1.19814,0.037228,-4.51732e-05,3.05224e-05,0.000285402,-0.000185491,6.03383e-05,0.00132982,0,0,0,0,0,0,0,0,0,0,0,0,0,0,0,0,0,0,0,0,0,0,0,0,0,0,0,0,0,0,0,0,0,0,0,0,0,0,0,0,0,0,0,0,0,0,0,0,0,0,0,0,1,0,0,0,0,0,1.415,0.1182,2.7007,0,0,0,0,0,0,0,-0,0,1.60725,0,0,0,0,0,0,0,0,0,0,0,0,0,0,0,0,0,0,0,0,0,0,0,0,0,0,0,0,0,0,0,0,0
0.05,0,0,0,0,-0,0,3.11937,2.03775,-2.6035,-9.27884e-05,-9.7672e-05,-7.39217e-05,-0.000410278,-0.00042303,-0.000509509,0,0,0,0,0,0,0,0,0,0,0,0,0,0,0,0,0,0,0,0,0,0,0,0,0,0,0,0,0,0,0,0,0,0,0,0,0,0,0,0,1.74887,1.19814,0.037228,-4.51732e-05,3.05224e-05,0.000285402,-0.000185491,6.03383e-05,0.00132982,0,0,0,0,0,0,0,0,0,0,0,0,0,0,0,0,0,0,0,0,0,0,0,0,0,0,0,0,0,0,0,0,0,0,0,0,0,0,0,0,0,0,0,0,0,0,0,0,0,0,0,0,1,0,0,0,0,0,1.415,0.1182,2.7007,0,0,0,0,0,0,0,-0,0,1.60725,0,0,0,0,0,0,0,0,0,0,0,0,0,0,0,0,0,0,0,0,0,0,0,0,0,0,0,0,0,0,0,0,0
0.1,0,0,0,0,-0,0,3.11938,2.03776,-2.60351,6.10359e-05,8.30089e-05,-9.53687e-05,0.000267706,0.000441004,-0.000267249,0,0,0,0,0,0,0,0,0,0,0,0,0,0,0,0,0,0,0,0,0,0,0,0,0,0,0,0,0,0,0,0,0,0,0,0,0,0,0,0,1.74888,1.19814,0.0373065,0.000158694,4.51667e-05,0.000785638,0.000665831,9.7601e-05,0.00292952,0,0,0,0,0,0,0,0,0,0,0,0,0,0,0,0,0,0,0,0,0,0,0,0,0,0,0,0,0,0,0,0,0,0,0,0,0,0,0,0,0,0,0,0,0,0,0,0,0,0,0,0,1,0,0,0,0,0,1.415,0.1182,2.7007,0,0,0,0,0,0,0,-0,0,1.60724,0,0,0,0,0,0,0,0,0,0,0,0,0,0,0,0,0,0,0,0,0,0,0,0,0,0,0,0,0,0,0,0,0
0.15,0,0,0,0,-0,0,3.11938,2.03776,-2.60351,6.10359e-05,8.30089e-05,-9.53687e-05,0.000267706,0.000441004,-0.000267249,0,0,0,0,0,0,0,0,0,0,0,0,0,0,0,0,0,0,0,0,0,0,0,0,0,0,0,0,0,0,0,0,0,0,0,0,0,0,0,0,1.74888,1.19814,0.0373065,0.000158694,4.51667e-05,0.000785638,0.000665831,9.7601e-05,0.00292952,0,0,0,0,0,0,0,0,0,0,0,0,0,0,0,0,0,0,0,0,0,0,0,0,0,0,0,0,0,0,0,0,0,0,0,0,0,0,0,0,0,0,0,0,0,0,0,0,0,0,0,0,1,0,0,0,0,0,1.3549,0.0582,2.6408,0,0,0,0,0,0,0,-0,0,1.60724,0,0,0,0,0,0,0,0,0,0,0,0,0,0,0,0,0,0,0,0,0,0,0,0,0,0,0,0,0,0,0,0,0
0.2,0,0,0,0,-0,0,3.11938,2.03777,-2.60349,2.92987e-05,4.15065e-05,0.000247971,0.000125695,0.000215915,0.00124424,0,0,0,0,0,0,0,0,0,0,0,0,0,0,0,0,0,0,0,0,0,0,0,0,0,0,0,0,0,0,0,0,0,0,0,0,0,0,0,0,1.74887,1.19813,0.0371969,-0.000126961,-5.37143e-05,-0.00109601,-0.000626391,-0.000331463,-0.00554314,0,0,0,0,0,0,0,0,0,0,0,0,0,0,0,0,0,0,0,0,0,0,0,0,0,0,0,0,0,0,0,0,0,0,0,0,0,0,0,0,0,0,0,0,0,0,0,0,0,0,0,0,1,0,0,0,0,0,1.3549,0.0582,2.6408,0,0,0,0,0,0,0,-0,0,1.60726,0,0,0,0,0,0,0,0,0,0,0,0,0,0,0,0,0,0,0,0,0,0,0,0,0,0,0,0,0,0,0,0,0
0.25,0,0,0,0,-0,0,3.11938,2.03777,-2.60349,2.92987e-05,4.15065e-05,0.000247971,0.000125695,0.000215915,0.00124424,0,0,0,0,0,0,0,0,0,0,0,0,0,0,0,0,0,0,0,0,0,0,0,0,0,0,0,0,0,0,0,0,0,0,0,0,0,0,0,0,1.74887,1.19813,0.0371969,-0.000126961,-5.37143e-05,-0.00109601,-0.000626391,-0.000331463,-0.00554314,0,0,0,0,0,0,0,0,0,0,0,0,0,0,0,0,0,0,0,0,0,0,0,0,0,0,0,0,0,0,0,0,0,0,0,0,0,0,0,0,0,0,0,0,0,0,0,0,0,0,0,0,1,0,0,0,0,0,1.3549,0.0582,2.6408,0,0,0,0,0,0,0,-0,0,1.60726,0,0,0,0,0,0,0,0,0,0,0,0,0,0,0,0,0,0,0,0,0,0,0,0,0,0,0,0,0,0,0,0,0
0.3,0,0,0,0,-0,0,3.11938,2.03775,-2.6035,-3.41842e-05,-0.000181909,-9.06109e-05,-0.000197403,-0.000793513,-0.000401186,0,0,0,0,0,0,0,0,0,0,0,0,0,0,0,0,0,0,0,0,0,0,0,0,0,0,0,0,0,0,0,0,0,0,0,0,0,0,0,0,1.74887,1.19813,0.0372026,-2.19755e-05,-2.6859e-05,5.70417e-05,-0.000131525,-0.000149795,0.000132102,0,0,0,0,0,0,0,0,0,0,0,0,0,0,0,0,0,0,0,0,0,0,0,0,0,0,0,0,0,0,0,0,0,0,0,0,0,0,0,0,0,0,0,0,0,0,0,0,0,0,0,0,1,0,0,0,0,0,1.3549,0.0582,2.6408,0,0,0,0,0,0,0,-0,0,1.60725,0,0,0,0,0,0,0,0,0,0,0,0,0,0,0,0,0,0,0,0,0,0,0,0,0,0,0,0,0,0,0,0,0
0.35,0,0,0,0,-0,0,3.11938,2.03775,-2.6035,-3.41842e-05,-0.000181909,-9.06109e-05,-0.000197403,-0.000793513,-0.000401186,0,0,0,0,0,0,0,0,0,0,0,0,0,0,0,0,0,0,0,0,0,0,0,0,0,0,0,0,0,0,0,0,0,0,0,0,0,0,0,0,1.74887,1.19813,0.0372026,-2.19755e-05,-2.6859e-05,5.70417e-05,-0.000131525,-0.000149795,0.000132102,0,0,0,0,0,0,0,0,0,0,0,0,0,0,0,0,0,0,0,0,0,0,0,0,0,0,0,0,0,0,0,0,0,0,0,0,0,0,0,0,0,0,0,0,0,0,0,0,0,0,0,0,1,0,0,0,0,0,1.355,0.0582,2.6407,0,0,0,0,0,0,0,-0,0,1.60725,0,0,0,0,0,0,0,0,0,0,0,0,0,0,0,0,0,0,0,0,0,0,0,0,0,0,0,0,0,0,0,0,0
0.4,0,0,0,0,-0,0,3.11938,2.03777,-2.6035,-4.88304e-06,0.000230724,-7.86818e-05,-4.5193e-05,0.00103563,-0.000415964,0,0,0,0,0,0,0,0,0,0,0,0,0,0,0,0,0,0,0,0,0,0,0,0,0,0,0,0,0,0,0,0,0,0,0,0,0,0,0,0,1.74888,1.19814,0.0372154,7.0804e-05,8.05701e-05,0.00012715,0.000358725,0.000363897,0.00112764,0,0,0,0,0,0,0,0,0,0,0,0,0,0,0,0,0,0,0,0,0,0,0,0,0,0,0,0,0,0,0,0,0,0,0,0,0,0,0,0,0,0,0,0,0,0,0,0,0,0,0,0,1,0,0,0,0,0,1.355,0.0582,2.6407,0,0,0,0,0,0,0,-0,0,1.60725,0,0,0,0,0,0,0,0,0,0,0,0,0,0,0,0,0,0,0,0,0,0,0,0,0,0,0,0,0,0,0,0,0
0.45,0,0,0,0,-0,0,3.11938,2.03777,-2.6035,-4.88304e-06,0.000230724,-7.86818e-05,-4.5193e-05,0.00103563,-0.000415964,0,0,0,0,0,0,0,0,0,0,0,0,0,0,0,0,0,0,0,0,0,0,0,0,0,0,0,0,0,0,0,0,0,0,0,0,0,0,0,0,1.74888,1.19814,0.0372154,7.0804e-05,8.05701e-05,0.00012715,0.000358725,0.000363897,0.00112764,0,0,0,0,0,0,0,0,0,0,0,0,0,0,0,0,0,0,0,0,0,0,0,0,0,0,0,0,0,0,0,0,0,0,0,0,0,0,0,0,0,0,0,0,0,0,0,0,0,0,0,0,1,0,0,0,0,0,1.355,0.0582,2.6407,0,0,0,0,0,0,0,-0,0,1.60725,0,0,0,0,0,0,0,0,0,0,0,0,0,0,0,0,0,0,0,0,0,0,0,0,0,0,0,0,0,0,0,0,0
0.5,0,0,0,0,-0,0,3.11938,2.03778,-2.60349,1.46468e-05,6.10283e-05,0.000126348,7.15059e-05,0.000191361,0.000567501,0,0,0,0,0,0,0,0,0,0,0,0,0,0,0,0,0,0,0,0,0,0,0,0,0,0,0,0,0,0,0,0,0,0,0,0,0,0,0,0,1.74887,1.19814,0.037212,-4.39404e-05,-1.95291e-05,-3.39336e-05,-0.000176745,-0.000111945,0.000168169,0,0,0,0,0,0,0,0,0,0,0,0,0,0,0,0,0,0,0,0,0,0,0,0,0,0,0,0,0,0,0,0,0,0,0,0,0,0,0,0,0,0,0,0,0,0,0,0,0,0,0,0,1,0,0,0,0,0,1.355,0.0582,2.6407,0,0,0,0,0,0,0,-0,0,1.60726,0,0,0,0,0,0,0,0,0,0,0,0,0,0,0,0,0,0,0,0,0,0,0,0,0,0,0,0,0,0,0,0,0
0.55,0,0,0,0,-0,0,3.11938,2.03778,-2.60349,1.46468e-05,6.10283e-05,0.000126348,7.15059e-05,0.000191361,0.000567501,0,0,0,0,0,0,0,0,0,0,0,0,0,0,0,0,0,0,0,0,0,0,0,0,0,0,0,0,0,0,0,0,0,0,0,0,0,0,0,0,1.74887,1.19814,0.037212,-4.39404e-05,-1.95291e-05,-3.39336e-05,-0.000176745,-0.000111945,0.000168169,0,0,0,0,0,0,0,0,0,0,0,0,0,0,0,0,0,0,0,0,0,0,0,0,0,0,0,0,0,0,0,0,0,0,0,0,0,0,0,0,0,0,0,0,0,0,0,0,0,0,0,0,1,0,0,0,0,0,1.303,0.0062,2.5887,0,0,0,0,0,0,0,-0,0,1.60726,0,0,0,0,0,0,0,0,0,0,0,0,0,0,0,0,0,0,0,0,0,0,0,0,0,0,0,0,0,0,0,0,0
0.6,0,0,0,0,-0,0,3.11938,2.03777,-2.60349,3.66354e-05,-9.5252e-05,-2.62363e-05,0.000146576,-0.000623834,-0.000135874,0,0,0,0,0,0,0,0,0,0,0,0,0,0,0,0,0,0,0,0,0,0,0,0,0,0,0,0,0,0,0,0,0,0,0,0,0,0,0,0,1.74885,1.19814,0.0373632,-0.000210043,2.19813e-05,0.00151284,-0.000842234,3.42454e-05,0.00615128,0,0,0,0,0,0,0,0,0,0,0,0,0,0,0,0,0,0,0,0,0,0,0,0,0,0,0,0,0,0,0,0,0,0,0,0,0,0,0,0,0,0,0,0,0,0,0,0,0,0,0,0,1,0,0,0,0,0,1.303,0.0062,2.5887,0,0,0,0,0,0,0,-0,0,1.60728,0,0,0,0,0,0,0,0,0,0,0,0,0,0,0,0,0,0,0,0,0,0,0,0,0,0,0,0,0,0,0,0,0
0.65,0,0,0,0,-0,0,3.11938,2.03777,-2.60349,3.66354e-05,-9.5252e-05,-2.62363e-05,0.000146576,-0.000623834,-0.000135874,0,0,0,0,0,0,0,0,0,0,0,0,0,0,0,0,0,0,0,0,0,0,0,0,0,0,0,0,0,0,0,0,0,0,0,0,0,0,0,0,1.74885,1.19814,0.0373632,-0.000210043,2.19813e-05,0.00151284,-0.000842234,3.42454e-05,0.00615128,0,0,0,0,0,0,0,0,0,0,0,0,0,0,0,0,0,0,0,0,0,0,0,0,0,0,0,0,0,0,0,0,0,0,0,0,0,0,0,0,0,0,0,0,0,0,0,0,0,0,0,0,1,0,0,0,0,0,1.303,0.0062,2.5887,0,0,0,0,0,0,0,-0,0,1.60728,0,0,0,0,0,0,0,0,0,0,0,0,0,0,0,0,0,0,0,0,0,0,0,0,0,0,0,0,0,0,0,0,0
0.7,0,0,0,0,-0,0,3.11938,2.03777,-2.60346,7.32601e-06,4.3956e-05,0.000283787,-1.88965e-05,7.11939e-05,0.00106192,0,0,0,0,0,0,0,0,0,0,0,0,0,0,0,0,0,0,0,0,0,0,0,0,0,0,0,0,0,0,0,0,0,0,0,0,0,0,0,0,1.74888,1.19813,0.0372391,0.000257631,-5.86081e-05,-0.00124131,0.00127262,-0.000281634,-0.00649952,0,0,0,0,0,0,0,0,0,0,0,0,0,0,0,0,0,0,0,0,0,0,0,0,0,0,0,0,0,0,0,0,0,0,0,0,0,0,0,0,0,0,0,0,0,0,0,0,0,0,0,0,1,0,0,0,0,0,1.303,0.0062,2.5887,0,0,0,0,0,0,0,-0,0,1.60726,0,0,0,0,0,0,0,0,0,0,0,0,0,0,0,0,0,0,0,0,0,0,0,0,0,0,0,0,0,0,0,0,0
0.75,0,0,0,0,-0,0,3.11938,2.03777,-2.60346,7.32601e-06,4.3956e-05,0.000283787,-1.88965e-05,7.11939e-05,0.00106192,0,0,0,0,0,0,0,0,0,0,0,0,0,0,0,0,0,0,0,0,0,0,0,0,0,0,0,0,0,0,0,0,0,0,0,0,0,0,0,0,1.74888,1.19813,0.0372391,0.000257631,-5.86081e-05,-0.00124131,0.00127262,-0.000281634,-0.00649952,0,0,0,0,0,0,0,0,0,0,0,0,0,0,0,0,0,0,0,0,0,0,0,0,0,0,0,0,0,0,0,0,0,0,0,0,0,0,0,0,0,0,0,0,0,0,0,0,0,0,0,0,1,0,0,0,0,0,1.3528,0.056,2.6386,0,0,0,0,0,0,0,-0,0,1.60726,0,0,0,0,0,0,0,0,0,0,0,0,0,0,0,0,0,0,0,0,0,0,0,0,0,0,0,0,0,0,0,0,0
0.8,0,0,0,0,-0,0,3.11938,2.03777,-2.60346,7.32601e-06,4.3956e-05,0.000283787,-1.88965e-05,7.11939e-05,0.00106192,0,0,0,0,0,0,0,0,0,0,0,0,0,0,0,0,0,0,0,0,0,0,0,0,0,0,0,0,0,0,0,0,0,0,0,0,0,0,0,0,1.74888,1.19813,0.0372391,0.000257631,-5.86081e-05,-0.00124131,0.00127262,-0.000281634,-0.00649952,0,0,0,0,0,0,0,0,0,0,0,0,0,0,0,0,0,0,0,0,0,0,0,0,0,0,0,0,0,0,0,0,0,0,0,0,0,0,0,0,0,0,0,0,0,0,0,0,0,0,0,0,1,0,0,0,0,0,1.3528,0.056,2.6386,0,0,0,0,0,0,0,-0,0,1.60726,0,0,0,0,0,0,0,0,0,0,0,0,0,0,0,0,0,0,0,0,0,0,0,0,0,0,0,0,0,0,0,0,0
0.85,0,0,0,0,-0,0,3.11939,2.03777,-2.60354,9.76153e-06,-1.95231e-05,-0.000760236,-2.40161e-05,-0.00011677,-0.00337195,0,0,0,0,0,0,0,0,0,0,0,0,0,0,0,0,0,0,0,0,0,0,0,0,0,0,0,0,0,0,0,0,0,0,0,0,0,0,0,0,1.74887,1.19813,0.0372037,-2.31836e-05,-9.76153e-06,-0.000353828,-7.14638e-05,-1.67244e-05,-0.00207007,0,0,0,0,0,0,0,0,0,0,0,0,0,0,0,0,0,0,0,0,0,0,0,0,0,0,0,0,0,0,0,0,0,0,0,0,0,0,0,0,0,0,0,0,0,0,0,0,0,0,0,0,1,0,0,0,0,0,1.3528,0.056,2.6386,0,0,0,0,0,0,0,-0,0,1.60726,0,0,0,0,0,0,0,0,0,0,0,0,0,0,0,0,0,0,0,0,0,0,0,0,0,0,0,0,0,0,0,0,0
0.9,0,0,0,0,-0,0,3.11938,2.03778,-2.60346,-1.95333e-05,0.000104991,0.000794017,-0.000132181,0.000401997,0.00358674,0,0,0,0,0,0,0,0,0,0,0,0,0,0,0,0,0,0,0,0,0,0,0,0,0,0,0,0,0,0,0,0,0,0,0,0,0,0,0,0,1.74888,1.19814,0.0372015,5.85997e-05,9.03412e-05,-2.22423e-05,0.000101963,0.000425815,0.000682187,0,0,0,0,0,0,0,0,0,0,0,0,0,0,0,0,0,0,0,0,0,0,0,0,0,0,0,0,0,0,0,0,0,0,0,0,0,0,0,0,0,0,0,0,0,0,0,0,0,0,0,0,1,0,0,0,0,0,1.3528,0.056,2.6386,0,0,0,0,0,0,0,-0,0,1.60726,0,0,0,0,0,0,0,0,0,0,0,0,0,0,0,0,0,0,0,0,0,0,0,0,0,0,0,0,0,0,0,0,0
0.95,0,0,0,0,-0,0,3.11938,2.03778,-2.60346,-1.95333e-05,0.000104991,0.000794017,-0.000132181,0.000401997,0.00358674,0,0,0,0,0,0,0,0,0,0,0,0,0,0,0,0,0,0,0,0,0,0,0,0,0,0,0,0,0,0,0,0,0,0,0,0,0,0,0,0,1.74888,1.19814,0.0372015,5.85997e-05,9.03412e-05,-2.22423e-05,0.000101963,0.000425815,0.000682187,0,0,0,0,0,0,0,0,0,0,0,0,0,0,0,0,0,0,0,0,0,0,0,0,0,0,0,0,0,0,0,0,0,0,0,0,0,0,0,0,0,0,0,0,0,0,0,0,0,0,0,0,1,0,0,0,0,0,1.3033,0.0066,2.589,0,0,0,0,0,0,0,-0,0,1.60726,0,0,0,0,0,0,0,0,0,0,0,0,0,0,0,0,0,0,0,0,0,0,0,0,0,0,0,0,0,0,0,0,0
1,0,0,0,0,-0,0,3.11938,2.03778,-2.60346,-1.95333e-05,0.000104991,0.000794017,-0.000132181,0.000401997,0.00358674,0,0,0,0,0,0,0,0,0,0,0,0,0,0,0,0,0,0,0,0,0,0,0,0,0,0,0,0,0,0,0,0,0,0,0,0,0,0,0,0,1.74888,1.19814,0.0372015,5.85997e-05,9.03412e-05,-2.22423e-05,0.000101963,0.000425815,0.000682187,0,0,0,0,0,0,0,0,0,0,0,0,0,0,0,0,0,0,0,0,0,0,0,0,0,0,0,0,0,0,0,0,0,0,0,0,0,0,0,0,0,0,0,0,0,0,0,0,0,0,0,0,1,0,0,0,0,0,1.3033,0.0066,2.589,0,0,0,0,0,0,0,-0,0,1.60726,0,0,0,0,0,0,0,0,0,0,0,0,0,0,0,0,0,0,0,0,0,0,0,0,0,0,0,0,0,0,0,0,0
1.05,0,0,0,0,-0,0,3.11938,2.03778,-2.60349,-4.88264e-05,-2.68545e-05,-0.00027894,-0.000211054,-0.00021522,-0.00119202,0,0,0,0,0,0,0,0,0,0,0,0,0,0,0,0,0,0,0,0,0,0,0,0,0,0,0,0,0,0,0,0,0,0,0,0,0,0,0,0,1.74887,1.19814,0.0371957,-7.07982e-05,-4.76057e-05,-5.78889e-05,-0.000432322,-0.000235623,0.000639363,0,0,0,0,0,0,0,0,0,0,0,0,0,0,0,0,0,0,0,0,0,0,0,0,0,0,0,0,0,0,0,0,0,0,0,0,0,0,0,0,0,0,0,0,0,0,0,0,0,0,0,0,1,0,0,0,0,0,1.3033,0.0066,2.589,0,0,0,0,0,0,0,-0,0,1.60726,0,0,0,0,0,0,0,0,0,0,0,0,0,0,0,0,0,0,0,0,0,0,0,0,0,0,0,0,0,0,0,0,0
1.1,0,0,0,0,-0,0,3.11938,2.03778,-2.60349,-4.88264e-05,-2.68545e-05,-0.00027894,-0.000211054,-0.00021522,-0.00119202,0,0,0,0,0,0,0,0,0,0,0,0,0,0,0,0,0,0,0,0,0,0,0,0,0,0,0,0,0,0,0,0,0,0,0,0,0,0,0,0,1.74887,1.19814,0.0371957,-7.07982e-05,-4.76057e-05,-5.78889e-05,-0.000432322,-0.000235623,0.000639363,0,0,0,0,0,0,0,0,0,0,0,0,0,0,0,0,0,0,0,0,0,0,0,0,0,0,0,0,0,0,0,0,0,0,0,0,0,0,0,0,0,0,0,0,0,0,0,0,0,0,0,0,1,0,0,0,0,0,1.3033,0.0066,2.589,0,0,0,0,0,0,0,-0,0,1.60726,0,0,0,0,0,0,0,0,0,0,0,0,0,0,0,0,0,0,0,0,0,0,0,0,0,0,0,0,0,0,0,0,0
1.15,0,0,0,0,-0,0,3.11938,2.03778,-2.60349,-4.88264e-05,-2.68545e-05,-0.00027894,-0.000211054,-0.00021522,-0.00119202,0,0,0,0,0,0,0,0,0,0,0,0,0,0,0,0,0,0,0,0,0,0,0,0,0,0,0,0,0,0,0,0,0,0,0,0,0,0,0,0,1.74887,1.19814,0.0371957,-7.07982e-05,-4.76057e-05,-5.78889e-05,-0.000432322,-0.000235623,0.000639363,0,0,0,0,0,0,0,0,0,0,0,0,0,0,0,0,0,0,0,0,0,0,0,0,0,0,0,0,0,0,0,0,0,0,0,0,0,0,0,0,0,0,0,0,0,0,0,0,0,0,0,0,1,0,0,0,0,0,1.355,0.0582,2.6407,0,0,0,0,0,0,0,-0,0,1.60726,0,0,0,0,0,0,0,0,0,0,0,0,0,0,0,0,0,0,0,0,0,0,0,0,0,0,0,0,0,0,0,0,0
1.2,0,0,0,0,-0,0,3.11938,2.03778,-2.60349,-4.88264e-05,-2.68545e-05,-0.00027894,-0.000211054,-0.00021522,-0.00119202,0,0,0,0,0,0,0,0,0,0,0,0,0,0,0,0,0,0,0,0,0,0,0,0,0,0,0,0,0,0,0,0,0,0,0,0,0,0,0,0,1.74887,1.19814,0.0371957,-7.07982e-05,-4.76057e-05,-5.78889e-05,-0.000432322,-0.000235623,0.000639363,0,0,0,0,0,0,0,0,0,0,0,0,0,0,0,0,0,0,0,0,0,0,0,0,0,0,0,0,0,0,0,0,0,0,0,0,0,0,0,0,0,0,0,0,0,0,0,0,0,0,0,0,1,0,0,0,0,0,1.355,0.0582,2.6407,0,0,0,0,0,0,0,-0,0,1.60726,0,0,0,0,0,0,0,0,0,0,0,0,0,0,0,0,0,0,0,0,0,0,0,0,0,0,0,0,0,0,0,0,0
1.25,0,0,0,0,-0,0,3.11938,2.03778,-2.60349,-4.88264e-05,-2.68545e-05,-0.00027894,-0.000211054,-0.00021522,-0.00119202,0,0,0,0,0,0,0,0,0,0,0,0,0,0,0,0,0,0,0,0,0,0,0,0,0,0,0,0,0,0,0,0,0,0,0,0,0,0,0,0,1.74887,1.19814,0.0371957,-7.07982e-05,-4.76057e-05,-5.78889e-05,-0.000432322,-0.000235623,0.000639363,0,0,0,0,0,0,0,0,0,0,0,0,0,0,0,0,0,0,0,0,0,0,0,0,0,0,0,0,0,0,0,0,0,0,0,0,0,0,0,0,0,0,0,0,0,0,0,0,0,0,0,0,1,0,0,0,0,0,1.355,0.0582,2.6407,0,0,0,0,0,0,0,-0,0,1.60726,0,0,0,0,0,0,0,0,0,0,0,0,0,0,0,0,0,0,0,0,0,0,0,0,0,0,0,0,0,0,0,0,0
1.3,0,0,0,0,-0,0,3.11938,2.03778,-2.60349,-4.88264e-05,-2.68545e-05,-0.00027894,-0.000211054,-0.00021522,-0.00119202,0,0,0,0,0,0,0,0,0,0,0,0,0,0,0,0,0,0,0,0,0,0,0,0,0,0,0,0,0,0,0,0,0,0,0,0,0,0,0,0,1.74887,1.19814,0.0371957,-7.07982e-05,-4.76057e-05,-5.78889e-05,-0.000432322,-0.000235623,0.000639363,0,0,0,0,0,0,0,0,0,0,0,0,0,0,0,0,0,0,0,0,0,0,0,0,0,0,0,0,0,0,0,0,0,0,0,0,0,0,0,0,0,0,0,0,0,0,0,0,0,0,0,0,1,0,0,0,0,0,1.355,0.0582,2.6407,0,0,0,0,0,0,0,-0,0,1.60726,0,0,0,0,0,0,0,0,0,0,0,0,0,0,0,0,0,0,0,0,0,0,0,0,0,0,0,0,0,0,0,0,0
1.35,0,0,0,0,-0,0,3.11938,2.03778,-2.60349,-4.88264e-05,-2.68545e-05,-0.00027894,-0.000211054,-0.00021522,-0.00119202,0,0,0,0,0,0,0,0,0,0,0,0,0,0,0,0,0,0,0,0,0,0,0,0,0,0,0,0,0,0,0,0,0,0,0,0,0,0,0,0,1.74887,1.19814,0.0371957,-7.07982e-05,-4.76057e-05,-5.78889e-05,-0.000432322,-0.000235623,0.000639363,0,0,0,0,0,0,0,0,0,0,0,0,0,0,0,0,0,0,0,0,0,0,0,0,0,0,0,0,0,0,0,0,0,0,0,0,0,0,0,0,0,0,0,0,0,0,0,0,0,0,0,0,1,0,0,0,0,0,1.3848,0.0881,2.6705,0,0,0,0,0,0,0,-0,0,1.60726,0,0,0,0,0,0,0,0,0,0,0,0,0,0,0,0,0,0,0,0,0,0,0,0,0,0,0,0,0,0,0,0,0
1.4,0,0,0,0,-0,0,3.11938,2.03778,-2.60349,-4.88264e-05,-2.68545e-05,-0.00027894,-0.000211054,-0.00021522,-0.00119202,0,0,0,0,0,0,0,0,0,0,0,0,0,0,0,0,0,0,0,0,0,0,0,0,0,0,0,0,0,0,0,0,0,0,0,0,0,0,0,0,1.74887,1.19814,0.0371957,-7.07982e-05,-4.76057e-05,-5.78889e-05,-0.000432322,-0.000235623,0.000639363,0,0,0,0,0,0,0,0,0,0,0,0,0,0,0,0,0,0,0,0,0,0,0,0,0,0,0,0,0,0,0,0,0,0,0,0,0,0,0,0,0,0,0,0,0,0,0,0,0,0,0,0,1,0,0,0,0,0,1.3848,0.0881,2.6705,0,0,0,0,0,0,0,-0,0,1.60726,0,0,0,0,0,0,0,0,0,0,0,0,0,0,0,0,0,0,0,0,0,0,0,0,0,0,0,0,0,0,0,0,0
1.45,0,0,0,0,-0,0,3.11938,2.03778,-2.60349,-4.88264e-05,-2.68545e-05,-0.00027894,-0.000211054,-0.00021522,-0.00119202,0,0,0,0,0,0,0,0,0,0,0,0,0,0,0,0,0,0,0,0,0,0,0,0,0,0,0,0,0,0,0,0,0,0,0,0,0,0,0,0,1.74887,1.19814,0.0371957,-7.07982e-05,-4.76057e-05,-5.78889e-05,-0.000432322,-0.000235623,0.000639363,0,0,0,0,0,0,0,0,0,0,0,0,0,0,0,0,0,0,0,0,0,0,0,0,0,0,0,0,0,0,0,0,0,0,0,0,0,0,0,0,0,0,0,0,0,0,0,0,0,0,0,0,1,0,0,0,0,0,1.3848,0.0881,2.6705,0,0,0,0,0,0,0,-0,0,1.60726,0,0,0,0,0,0,0,0,0,0,0,0,0,0,0,0,0,0,0,0,0,0,0,0,0,0,0,0,0,0,0,0,0
1.5,0,0,0,0,-0,0,3.11938,2.03778,-2.60349,-4.88264e-05,-2.68545e-05,-0.00027894,-0.000211054,-0.00021522,-0.00119202,0,0,0,0,0,0,0,0,0,0,0,0,0,0,0,0,0,0,0,0,0,0,0,0,0,0,0,0,0,0,0,0,0,0,0,0,0,0,0,0,1.74887,1.19814,0.0371957,-7.07982e-05,-4.76057e-05,-5.78889e-05,-0.000432322,-0.000235623,0.000639363,0,0,0,0,0,0,0,0,0,0,0,0,0,0,0,0,0,0,0,0,0,0,0,0,0,0,0,0,0,0,0,0,0,0,0,0,0,0,0,0,0,0,0,0,0,0,0,0,0,0,0,0,1,0,0,0,0,0,1.3848,0.0881,2.6705,0,0,0,0,0,0,0,-0,0,1.60726,0,0,0,0,0,0,0,0,0,0,0,0,0,0,0,0,0,0,0,0,0,0,0,0,0,0,0,0,0,0,0,0,0
1.55,0,0,0,0,-0,0,3.11938,2.03778,-2.60349,-4.88264e-05,-2.68545e-05,-0.00027894,-0.000211054,-0.00021522,-0.00119202,0,0,0,0,0,0,0,0,0,0,0,0,0,0,0,0,0,0,0,0,0,0,0,0,0,0,0,0,0,0,0,0,0,0,0,0,0,0,0,0,1.74887,1.19814,0.0371957,-7.07982e-05,-4.76057e-05,-5.78889e-05,-0.000432322,-0.000235623,0.000639363,0,0,0,0,0,0,0,0,0,0,0,0,0,0,0,0,0,0,0,0,0,0,0,0,0,0,0,0,0,0,0,0,0,0,0,0,0,0,0,0,0,0,0,0,0,0,0,0,0,0,0,0,1,0,0,0,0,0,1.4039,0.1071,2.6896,0,0,0,0,0,0,0,-0,0,1.60726,0,0,0,0,0,0,0,0,0,0,0,0,0,0,0,0,0,0,0,0,0,0,0,0,0,0,0,0,0,0,0,0,0
1.6,0,0,0,0,-0,0,3.11938,2.03778,-2.60348,2.93137e-05,-2.44281e-06,0.000138362,0.000174825,-0.000115239,0.000304817,0,0,0,0,0,0,0,0,0,0,0,0,0,0,0,0,0,0,0,0,0,0,0,0,0,0,0,0,0,0,0,0,0,0,0,0,0,0,0,0,1.74888,1.19814,0.0372243,4.27493e-05,5.9849e-05,0.000286715,0.000121784,0.000198332,0.00175505,0,0,0,0,0,0,0,0,0,0,0,0,0,0,0,0,0,0,0,0,0,0,0,0,0,0,0,0,0,0,0,0,0,0,0,0,0,0,0,0,0,0,0,0,0,0,0,0,0,0,0,0,1,0,0,0,0,0,1.4039,0.1071,2.6896,0,0,0,0,0,0,0,-0,0,1.60725,0,0,0,0,0,0,0,0,0,0,0,0,0,0,0,0,0,0,0,0,0,0,0,0,0,0,0,0,0,0,0,0,0
1.65,0,0,0,0,-0,0,3.11938,2.03776,-2.60349,2.19725e-05,-0.000131835,-0.000121592,0.000127925,-0.000572693,-0.000652855,0,0,0,0,0,0,0,0,0,0,0,0,0,0,0,0,0,0,0,0,0,0,0,0,0,0,0,0,0,0,0,0,0,0,0,0,0,0,0,0,1.74888,1.19814,0.0372297,3.78415e-05,-4.51657e-05,5.36438e-05,0.00012859,-0.000241683,0.000274079,0,0,0,0,0,0,0,0,0,0,0,0,0,0,0,0,0,0,0,0,0,0,0,0,0,0,0,0,0,0,0,0,0,0,0,0,0,0,0,0,0,0,0,0,0,0,0,0,0,0,0,0,1,0,0,0,0,0,1.4039,0.1071,2.6896,0,0,0,0,0,0,0,-0,0,1.60725,0,0,0,0,0,0,0,0,0,0,0,0,0,0,0,0,0,0,0,0,0,0,0,0,0,0,0,0,0,0,0,0,0
1.7,0,0,0,0,-0,0,3.11937,2.0378,-2.60349,-0.000109854,0.000393033,-4.76797e-06,-0.000456304,0.00169151,-5.48519e-05,0,0,0,0,0,0,0,0,0,0,0,0,0,0,0,0,0,0,0,0,0,0,0,0,0,0,0,0,0,0,0,0,0,0,0,0,0,0,0,0,1.74887,1.19818,0.0372128,-0.000161118,0.000447958,-0.000168703,-0.000716896,0.00176574,-0.000924514,0,0,0,0,0,0,0,0,0,0,0,0,0,0,0,0,0,0,0,0,0,0,0,0,0,0,0,0,0,0,0,0,0,0,0,0,0,0,0,0,0,0,0,0,0,0,0,0,0,0,0,0,1,0,0,0,0,0,1.4039,0.1071,2.6896,0,0,0,0,0,0,0,-0,0,1.60725,0,0,0,0,0,0,0,0,0,0,0,0,0,0,0,0,0,0,0,0,0,0,0,0,0,0,0,0,0,0,0,0,0
1.75,0,0,0,0,-0,0,3.11936,2.03778,-2.60354,-0.000117223,-0.000285732,-0.000510372,-0.000382442,-0.00139017,-0.00197218,0,0,0,0,0,0,0,0,0,0,0,0,0,0,0,0,0,0,0,0,0,0,0,0,0,0,0,0,0,0,0,0,0,0,0,0,0,0,0,0,1.74884,1.19814,0.0372098,-0.000206363,-0.000461569,-3.03705e-05,-0.000725573,-0.00230241,-0.000164531,0,0,0,0,0,0,0,0,0,0,0,0,0,0,0,0,0,0,0,0,0,0,0,0,0,0,0,0,0,0,0,0,0,0,0,0,0,0,0,0,0,0,0,0,0,0,0,0,0,0,0,0,1,0,0,0,0,0,1.355,0.0582,2.6407,0,0,0,0,0,0,0,-0,0,1.60727,0,0,0,0,0,0,0,0,0,0,0,0,0,0,0,0,0,0,0,0,0,0,0,0,0,0,0,0,0,0,0,0,0
1.8,0,0,0,0,-0,0,3.11937,2.03781,-2.60342,7.81057e-05,0.000318525,0.00114889,0.000560746,0.00116251,0.00518608,0,0,0,0,0,0,0,0,0,0,0,0,0,0,0,0,0,0,0,0,0,0,0,0,0,0,0,0,0,0,0,0,0,0,0,0,0,0,0,0,1.74889,1.19819,0.0372159,0.000408835,0.000495484,6.07073e-05,0.00202121,0.00189081,0.00036796,0,0,0,0,0,0,0,0,0,0,0,0,0,0,0,0,0,0,0,0,0,0,0,0,0,0,0,0,0,0,0,0,0,0,0,0,0,0,0,0,0,0,0,0,0,0,0,0,0,0,0,0,1,0,0,0,0,0,1.355,0.0582,2.6407,0,0,0,0,0,0,0,-0,0,1.60723,0,0,0,0,0,0,0,0,0,0,0,0,0,0,0,0,0,0,0,0,0,0,0,0,0,0,0,0,0,0,0,0,0
1.85,0,0,0,0,-0,0,3.11938,2.03772,-2.60353,0.000107455,-0.000875512,-0.00101359,0.000581575,-0.00372763,-0.00455867,0,0,0,0,0,0,0,0,0,0,0,0,0,0,0,0,0,0,0,0,0,0,0,0,0,0,0,0,0,0,0,0,0,0,0,0,0,0,0,0,1.74887,1.19811,0.0372134,-0.000180719,-0.000797363,-2.49298e-05,-0.000770598,-0.00346324,-4.9206e-05,0,0,0,0,0,0,0,0,0,0,0,0,0,0,0,0,0,0,0,0,0,0,0,0,0,0,0,0,0,0,0,0,0,0,0,0,0,0,0,0,0,0,0,0,0,0,0,0,0,0,0,0,1,0,0,0,0,0,1.355,0.0582,2.6407,0,0,0,0,0,0,0,-0,0,1.60725,0,0,0,0,0,0,0,0,0,0,0,0,0,0,0,0,0,0,0,0,0,0,0,0,0,0,0,0,0,0,0,0,0
1.9,0,0,0,0,-0,0,3.11937,2.03779,-2.60343,-5.86208e-05,0.000698564,0.000925491,-0.000311424,0.00338848,0.00369083,0,0,0,0,0,0,0,0,0,0,0,0,0,0,0,0,0,0,0,0,0,0,0,0,0,0,0,0,0,0,0,0,0,0,0,0,0,0,0,0,1.74888,1.19815,0.0372237,0.000173419,0.000453089,0.000103611,0.000574333,0.0021915,0.000427569,0,0,0,0,0,0,0,0,0,0,0,0,0,0,0,0,0,0,0,0,0,0,0,0,0,0,0,0,0,0,0,0,0,0,0,0,0,0,0,0,0,0,0,0,0,0,0,0,0,0,0,0,1,0,0,0,0,0,1.355,0.0582,2.6407,0,0,0,0,0,0,0,-0,0,1.60724,0,0,0,0,0,0,0,0,0,0,0,0,0,0,0,0,0,0,0,0,0,0,0,0,0,0,0,0,0,0,0,0,0
1.95,0,0,0,0,-0,0,3.11936,2.03776,-2.6035,-9.03041e-05,-0.00026359,-0.000698351,-0.000434601,-0.000845596,-0.00315437,0,0,0,0,0,0,0,0,0,0,0,0,0,0,0,0,0,0,0,0,0,0,0,0,0,0,0,0,0,0,0,0,0,0,0,0,0,0,0,0,1.74887,1.19814,0.0372815,-0.000123253,-9.51856e-05,0.000577541,-0.000658292,-0.000108685,0.00221524,0,0,0,0,0,0,0,0,0,0,0,0,0,0,0,0,0,0,0,0,0,0,0,0,0,0,0,0,0,0,0,0,0,0,0,0,0,0,0,0,0,0,0,0,0,0,0,0,0,0,0,0,1,0,0,0,0,0,1.3162,0.0194,2.602,0,0,0,0,0,0,0,-0,0,1.60724,0,0,0,0,0,0,0,0,0,0,0,0,0,0,0,0,0,0,0,0,0,0,0,0,0,0,0,0,0,0,0,0,0
2,0,0,0,0,-0,0,3.11938,2.03777,-2.60346,0.000148964,7.08188e-05,0.000383952,0.000678524,0.000255481,0.00150454,0,0,0,0,0,0,0,0,0,0,0,0,0,0,0,0,0,0,0,0,0,0,0,0,0,0,0,0,0,0,0,0,0,0,0,0,0,0,0,0,1.74887,1.19814,0.037214,7.32606e-06,-6.59346e-05,-0.000675528,-4.026e-05,-0.000259713,-0.00343547,0,0,0,0,0,0,0,0,0,0,0,0,0,0,0,0,0,0,0,0,0,0,0,0,0,0,0,0,0,0,0,0,0,0,0,0,0,0,0,0,0,0,0,0,0,0,0,0,0,0,0,0,1,0,0,0,0,0,1.3162,0.0194,2.602,0,0,0,0,0,0,0,-0,0,1.60726,0,0,0,0,0,0,0,0,0,0,0,0,0,0,0,0,0,0,0,0,0,0,0,0,0,0,0,0,0,0,0,0,0
2.05,0,0,0,0,-0,0,3.11938,2.03779,-2.60349,2.93007e-05,0.000146504,-0.000226527,8.0009e-05,0.00060484,-0.000905244,0,0,0,0,0,0,0,0,0,0,0,0,0,0,0,0,0,0,0,0,0,0,0,0,0,0,0,0,0,0,0,0,0,0,0,0,0,0,0,0,1.74887,1.19815,0.0372059,4.88345e-06,0.000108657,-8.0216e-05,4.96847e-05,0.000521176,-0.000449214,0,0,0,0,0,0,0,0,0,0,0,0,0,0,0,0,0,0,0,0,0,0,0,0,0,0,0,0,0,0,0,0,0,0,0,0,0,0,0,0,0,0,0,0,0,0,0,0,0,0,0,0,1,0,0,0,0,0,1.3162,0.0194,2.602,0,0,0,0,0,0,0,-0,0,1.60726,0,0,0,0,0,0,0,0,0,0,0,0,0,0,0,0,0,0,0,0,0,0,0,0,0,0,0,0,0,0,0,0,0
2.1,0,0,0,0,-0,0,3.11938,2.0378,-2.6035,-4.88087e-05,0.000100058,-8.34133e-05,-0.000345103,0.000224926,-0.000297989,0,0,0,0,0,0,0,0,0,0,0,0,0,0,0,0,0,0,0,0,0,0,0,0,0,0,0,0,0,0,0,0,0,0,0,0,0,0,0,0,1.74887,1.19815,0.0372189,3.66067e-06,5.61302e-05,0.000129366,3.7124e-05,0.000208794,0.00097203,0,0,0,0,0,0,0,0,0,0,0,0,0,0,0,0,0,0,0,0,0,0,0,0,0,0,0,0,0,0,0,0,0,0,0,0,0,0,0,0,0,0,0,0,0,0,0,0,0,0,0,0,1,0,0,0,0,0,1.3162,0.0194,2.602,0,0,0,0,0,0,0,-0,0,1.60726,0,0,0,0,0,0,0,0,0,0,0,0,0,0,0,0,0,0,0,0,0,0,0,0,0,0,0,0,0,0,0,0,0
2.15,0,0,0,0,-0,0,3.11938,2.0378,-2.6035,-4.88087e-05,0.000100058,-8.34133e-05,-0.000345103,0.000224926,-0.000297989,0,0,0,0,0,0,0,0,0,0,0,0,0,0,0,0,0,0,0,0,0,0,0,0,0,0,0,0,0,0,0,0,0,0,0,0,0,0,0,0,1.74887,1.19815,0.0372189,3.66067e-06,5.61302e-05,0.000129366,3.7124e-05,0.000208794,0.00097203,0,0,0,0,0,0,0,0,0,0,0,0,0,0,0,0,0,0,0,0,0,0,0,0,0,0,0,0,0,0,0,0,0,0,0,0,0,0,0,0,0,0,0,0,0,0,0,0,0,0,0,0,1,0,0,0,0,0,1.3549,0.0582,2.6407,0,0,0,0,0,0,0,-0,0,1.60726,0,0,0,0,0,0,0,0,0,0,0,0,0,0,0,0,0,0,0,0,0,0,0,0,0,0,0,0,0,0,0,0,0
2.2,0,0,0,0,-0,0,3.11937,2.03779,-2.6035,-5.37344e-05,-9.76988e-05,-5.00897e-05,-0.000284356,-0.000706678,3.65587e-05,0,0,0,0,0,0,0,0,0,0,0,0,0,0,0,0,0,0,0,0,0,0,0,0,0,0,0,0,0,0,0,0,0,0,0,0,0,0,0,0,1.74886,1.19815,0.0372214,-9.52563e-05,1.46548e-05,2.48212e-05,-0.000374635,-8.27241e-05,0.000358108,0,0,0,0,0,0,0,0,0,0,0,0,0,0,0,0,0,0,0,0,0,0,0,0,0,0,0,0,0,0,0,0,0,0,0,0,0,0,0,0,0,0,0,0,0,0,0,0,0,0,0,0,1,0,0,0,0,0,1.3549,0.0582,2.6407,0,0,0,0,0,0,0,-0,0,1.60726,0,0,0,0,0,0,0,0,0,0,0,0,0,0,0,0,0,0,0,0,0,0,0,0,0,0,0,0,0,0,0,0,0
