0,0,0,0,0,0,0,0,0,0,0,0,0,0,0,0,0,0,0,0,0,0,0,0,0,0,0,0,0,0,0,0,0,0,0,0,0,0,0,0,0,0,0,0,0,0,0,0,0,0,0,0,0,0,0,0,0,0,0,0,0,0,0,0,0,0,0,0,0,0,0,0,0,0,0,0,0,0,0,0,0,0,0,0,0,0,0,0,0,0,0,0,0,0,0,0,0,0,0,0,0,0,0,0,0,0,0,0,0,0,0,0,0,0,0,0,0,0,0,0,0,0,0,0,0,0,0,0,0,0,0,0,0,0,0,0,0,0,0,0
0,0,0,0,0,0,0,2.675,0.69359,3.09581,0.000144071,4.02911e-05,0.000617625,0.000660168,0.000171172,0.000764019,0,0,0,0,0,0,0,0,0,0,0,0,0,0,0,0,0,0,0,0,0,0,0,0,0,0,0,0,0,0,0,0,0,0,0,0,0,0,0,0,0.689608,0.542643,1.0309,5.3111e-05,5.37215e-05,0.000395853,0.000170189,0.00013392,0.000254417,0,0,0,0,0,0,0,0,0,0,0,0,0,0,0,0,0,0,0,0,0,0,0,0,0,0,0,0,0,0,0,0,0,0,0,0,0,0,0,0,0,0,0,0,0,0,0,0,0,0,0,0,2,0,0,0,0,0,0.9596,0.5727,1.0309,0,0,0,0,0,0,0,0,0,1.99113,0,0,0,0
0,0,0,0,0,0,0,2.67499,0.693598,3.09576,-0.000109812,8.11386e-05,-0.000481379,-0.266024,-0.0685382,-0.309288,0,0,0,0,0,0,0,0,0,0,0,0,0,0,0,0,0,0,0,0,0,0,0,0,0,0,0,0,0,0,0,0,0,0,0,0,0,0,0,0,0.689604,0.54264,1.03088,-4.02642e-05,-3.35535e-05,-0.000122728,-0.0686279,-0.0540099,-0.102842,0,0,0,0,0,0,0,0,0,0,0,0,0,0,0,0,0,0,0,0,0,0,0,0,0,0,0,0,0,0,0,0,0,0,0,0,0,0,0,0,0,0,0,0,0,0,0,0,0,0,0,0,2,0,0,0,0,0,0.9596,0.5727,1.0309,0,0,0,0,0,0,0,0,0,1.99112,0,0,0,0
0.05,0,0,0,0,0,0,2.675,0.693592,3.09577,2.93091e-05,-5.92287e-05,5.72443e-05,-0.0974603,-0.0256529,-0.112324,0,0,0,0,0,0,0,0,0,0,0,0,0,0,0,0,0,0,0,0,0,0,0,0,0,0,0,0,0,0,0,0,0,0,0,0,0,0,0,0,0.689605,0.542643,1.03089,1.34333e-05,2.99196e-05,5.36664e-05,-0.0250888,-0.0196628,-0.0373051,0,0,0,0,0,0,0,0,0,0,0,0,0,0,0,0,0,0,0,0,0,0,0,0,0,0,0,0,0,0,0,0,0,0,0,0,0,0,0,0,0,0,0,0,0,0,0,0,0,0,0,0,2,0,0,0,0,0,0.9596,0.5727,1.0309,0,0,0,0,0,0,0,0,0,1.99112,0,0,0,0
0.1,0,0,0,0,0,0,2.675,0.69358,3.09573,4.88136e-06,-0.000124475,-0.000362289,-0.0358103,-0.00986155,-0.0424715,0,0,0,0,0,0,0,0,0,0,0,0,0,0,0,0,0,0,0,0,0,0,0,0,0,0,0,0,0,0,0,0,0,0,0,0,0,0,0,0,0.689604,0.542635,1.03088,-6.10172e-06,-7.68816e-05,-0.000112024,-0.00925164,-0.00758596,-0.0141945,0,0,0,0,0,0,0,0,0,0,0,0,0,0,0,0,0,0,0,0,0,0,0,0,0,0,0,0,0,0,0,0,0,0,0,0,0,0,0,0,0,0,0,0,0,0,0,0,0,0,0,0,2,0,0,0,0,0,0.9596,0.5727,1.0309,0,0,0,0,0,0,0,0,0,1.99112,0,0,0,0
0.15,0,0,0,0,0,0,2.675,0.693588,3.09577,2.68577e-05,8.11834e-05,0.000367195,-0.0130668,-0.0029612,-0.0131283,0,0,0,0,0,0,0,0,0,0,0,0,0,0,0,0,0,0,0,0,0,0,0,0,0,0,0,0,0,0,0,0,0,0,0,0,0,0,0,0,0.689601,0.542645,1.03085,-3.78449e-05,0.000103768,-0.000333814,-0.00353754,-0.00219779,-0.00627983,0,0,0,0,0,0,0,0,0,0,0,0,0,0,0,0,0,0,0,0,0,0,0,0,0,0,0,0,0,0,0,0,0,0,0,0,0,0,0,0,0,0,0,0,0,0,0,0,0,0,0,0,2,0,0,0,0,0,2.28861,0.318131,-2.10923,0,0,0,0,0,0,0,0,0,1.99113,0,0,0,0
0.2,0,0,0,0,0,0,2.675,0.693589,3.09575,5.12773e-05,9.15667e-06,-0.000135919,-0.00467122,-0.00113224,-0.00592304,0,0,0,0,0,0,0,0,0,0,0,0,0,0,0,0,0,0,0,0,0,0,0,0,0,0,0,0,0,0,0,0,0,0,0,0,0,0,0,0,0.689604,0.542643,1.03088,3.72371e-05,-2.25864e-05,0.000312376,-0.00105102,-0.00109551,-0.000118034,0,0,0,0,0,0,0,0,0,0,0,0,0,0,0,0,0,0,0,0,0,0,0,0,0,0,0,0,0,0,0,0,0,0,0,0,0,0,0,0,0,0,0,0,0,0,0,0,0,0,0,0,2,0,0,0,0,0,2.28861,0.318131,-2.10923,0,0,0,0,0,0,0,0,0,1.99113,0,0,0,0
0.25,0,0,0,0,0,0,2.67499,0.693591,3.09575,-0.000161154,2.44173e-05,9.53801e-06,-0.00251734,-0.000371341,-0.00200017,0,0,0,0,0,0,0,0,0,0,0,0,0,0,0,0,0,0,0,0,0,0,0,0,0,0,0,0,0,0,0,0,0,0,0,0,0,0,0,0,0.689606,0.542644,1.03086,1.22086e-05,1.2819e-05,-0.000214605,-0.000394537,-0.00036716,-0.00134241,0,0,0,0,0,0,0,0,0,0,0,0,0,0,0,0,0,0,0,0,0,0,0,0,0,0,0,0,0,0,0,0,0,0,0,0,0,0,0,0,0,0,0,0,0,0,0,0,0,0,0,0,2,0,0,0,0,0,2.28861,0.318131,-2.10923,0,0,0,0,0,0,0,0,0,1.99111,0,0,0,0
0.3,0,0,0,0,0,0,2.67498,0.693579,3.09575,-3.17421e-05,-0.000117202,9.53789e-06,-0.000702955,-0.000685843,-0.000670018,0,0,0,0,0,0,0,0,0,0,0,0,0,0,0,0,0,0,0,0,0,0,0,0,0,0,0,0,0,0,0,0,0,0,0,0,0,0,0,0,0.689607,0.542639,1.03088,9.15639e-06,-4.94445e-05,0.000201488,-0.000160239,-0.00037066,0.000690732,0,0,0,0,0,0,0,0,0,0,0,0,0,0,0,0,0,0,0,0,0,0,0,0,0,0,0,0,0,0,0,0,0,0,0,0,0,0,0,0,0,0,0,0,0,0,0,0,0,0,0,0,2,0,0,0,0,0,2.28861,0.318131,-2.10923,0,0,0,0,0,0,0,0,0,1.99111,0,0,0,0
0.35,0,0,0,0,0,0,2.67499,0.693595,3.09577,9.51998e-05,0.000156225,0.000116807,0.00033076,0.000638164,0.000206392,0,0,0,0,0,0,0,0,0,0,0,0,0,0,0,0,0,0,0,0,0,0,0,0,0,0,0,0,0,0,0,0,0,0,0,0,0,0,0,0,0.689606,0.542647,1.03089,-6.10255e-06,7.26203e-05,0.000171634,-0.000125466,0.000264709,0.000570728,0,0,0,0,0,0,0,0,0,0,0,0,0,0,0,0,0,0,0,0,0,0,0,0,0,0,0,0,0,0,0,0,0,0,0,0,0,0,0,0,0,0,0,0,0,0,0,0,0,0,0,0,2,0,0,0,0,0,2.1567,0.173383,-1.97075,0,0,0,0,0,0,0,0,0,1.99112,0,0,0,0
0.4,0,0,0,0,0,0,2.67499,0.693579,3.09572,-4.88197e-06,-0.000162326,-0.000438615,-6.14531e-05,-0.000710599,-0.0019769,0,0,0,0,0,0,0,0,0,0,0,0,0,0,0,0,0,0,0,0,0,0,0,0,0,0,0,0,0,0,0,0,0,0,0,0,0,0,0,0,0.689607,0.542641,1.03087,6.71272e-06,-5.37018e-05,-0.000205005,-1.94108e-05,-0.00025987,-0.00117865,0,0,0,0,0,0,0,0,0,0,0,0,0,0,0,0,0,0,0,0,0,0,0,0,0,0,0,0,0,0,0,0,0,0,0,0,0,0,0,0,0,0,0,0,0,0,0,0,0,0,0,0,2,0,0,0,0,0,2.1567,0.173383,-1.97075,0,0,0,0,0,0,0,0,0,1.99112,0,0,0,0
0.45,0,0,0,0,0,0,2.67501,0.693586,3.09577,0.000119641,7.20289e-05,0.000448273,0.000407597,0.000327345,0.00206158,0,0,0,0,0,0,0,0,0,0,0,0,0,0,0,0,0,0,0,0,0,0,0,0,0,0,0,0,0,0,0,0,0,0,0,0,0,0,0,0,0.689607,0.542644,1.03087,7.32497e-06,2.31957e-05,-5.84185e-05,5.13853e-06,8.02799e-05,-0.000358554,0,0,0,0,0,0,0,0,0,0,0,0,0,0,0,0,0,0,0,0,0,0,0,0,0,0,0,0,0,0,0,0,0,0,0,0,0,0,0,0,0,0,0,0,0,0,0,0,0,0,0,0,2,0,0,0,0,0,2.1567,0.173383,-1.97075,0,0,0,0,0,0,0,0,0,1.99113,0,0,0,0
0.5,0,0,0,0,0,0,2.67499,0.693579,3.09576,-0.000153818,-6.71429e-05,-5.96084e-05,-0.000784421,-0.000219074,-0.000244903,0,0,0,0,0,0,0,0,0,0,0,0,0,0,0,0,0,0,0,0,0,0,0,0,0,0,0,0,0,0,0,0,0,0,0,0,0,0,0,0,0.689613,0.542639,1.03087,5.61559e-05,-5.06624e-05,2.86121e-05,0.000201525,-0.00020088,0.000243404,0,0,0,0,0,0,0,0,0,0,0,0,0,0,0,0,0,0,0,0,0,0,0,0,0,0,0,0,0,0,0,0,0,0,0,0,0,0,0,0,0,0,0,0,0,0,0,0,0,0,0,0,2,0,0,0,0,0,2.1567,0.173383,-1.97075,0,0,0,0,0,0,0,0,0,1.99111,0,0,0,0
0.55,0,0,0,0,0,0,2.675,0.6936,3.09577,0.000129461,0.00021129,0.000102573,0.000499478,0.000906968,0.000188715,0,0,0,0,0,0,0,0,0,0,0,0,0,0,0,0,0,0,0,0,0,0,0,0,0,0,0,0,0,0,0,0,0,0,0,0,0,0,0,0,0.689612,0.542653,1.03086,-7.32796e-06,0.000140452,-7.15621e-05,-0.000106072,0.000604921,-0.000172594,0,0,0,0,0,0,0,0,0,0,0,0,0,0,0,0,0,0,0,0,0,0,0,0,0,0,0,0,0,0,0,0,0,0,0,0,0,0,0,0,0,0,0,0,0,0,0,0,0,0,0,0,2,0,0,0,0,0,2.24629,0.271679,-2.06486,0,0,0,0,0,0,0,0,0,1.99112,0,0,0,0
0.6,0,0,0,0,0,0,2.675,0.693579,3.09577,-7.32101e-06,-0.000212309,-4.05134e-05,-7.26588e-05,-0.000995346,-0.000399582,0,0,0,0,0,0,0,0,0,0,0,0,0,0,0,0,0,0,0,0,0,0,0,0,0,0,0,0,0,0,0,0,0,0,0,0,0,0,0,0,0.689607,0.542636,1.03088,-4.94169e-05,-0.000167774,0.000182311,-0.000273527,-0.000759144,0.000854415,0,0,0,0,0,0,0,0,0,0,0,0,0,0,0,0,0,0,0,0,0,0,0,0,0,0,0,0,0,0,0,0,0,0,0,0,0,0,0,0,0,0,0,0,0,0,0,0,0,0,0,0,2,0,0,0,0,0,2.24629,0.271679,-2.06486,0,0,0,0,0,0,0,0,0,1.99112,0,0,0,0
0.65,0,0,0,0,0,0,2.675,0.693579,3.09577,-7.32101e-06,-0.000212309,-4.05134e-05,-7.26588e-05,-0.000995346,-0.000399582,0,0,0,0,0,0,0,0,0,0,0,0,0,0,0,0,0,0,0,0,0,0,0,0,0,0,0,0,0,0,0,0,0,0,0,0,0,0,0,0,0.689607,0.542636,1.03088,-4.94169e-05,-0.000167774,0.000182311,-0.000273527,-0.000759144,0.000854415,0,0,0,0,0,0,0,0,0,0,0,0,0,0,0,0,0,0,0,0,0,0,0,0,0,0,0,0,0,0,0,0,0,0,0,0,0,0,0,0,0,0,0,0,0,0,0,0,0,0,0,0,2,0,0,0,0,0,2.24629,0.271679,-2.06486,0,0,0,0,0,0,0,0,0,1.99112,0,0,0,0
0.7,0,0,0,0,0,0,2.675,0.693586,3.09574,-1.95336e-05,6.83676e-05,-0.000252754,-0.000169891,0.000266651,-0.00116756,0,0,0,0,0,0,0,0,0,0,0,0,0,0,0,0,0,0,0,0,0,0,0,0,0,0,0,0,0,0,0,0,0,0,0,0,0,0,0,0,0.689602,0.542642,1.03085,-5.06652e-05,6.04319e-05,-0.000274214,-0.000191806,0.00027162,-0.00117238,0,0,0,0,0,0,0,0,0,0,0,0,0,0,0,0,0,0,0,0,0,0,0,0,0,0,0,0,0,0,0,0,0,0,0,0,0,0,0,0,0,0,0,0,0,0,0,0,0,0,0,0,2,0,0,0,0,0,2.24629,0.271679,-2.06486,0,0,0,0,0,0,0,0,0,1.99113,0,0,0,0
0.75,0,0,0,0,0,0,2.675,0.693586,3.09574,-1.95336e-05,6.83676e-05,-0.000252754,-0.000169891,0.000266651,-0.00116756,0,0,0,0,0,0,0,0,0,0,0,0,0,0,0,0,0,0,0,0,0,0,0,0,0,0,0,0,0,0,0,0,0,0,0,0,0,0,0,0,0.689602,0.542642,1.03085,-5.06652e-05,6.04319e-05,-0.000274214,-0.000191806,0.00027162,-0.00117238,0,0,0,0,0,0,0,0,0,0,0,0,0,0,0,0,0,0,0,0,0,0,0,0,0,0,0,0,0,0,0,0,0,0,0,0,0,0,0,0,0,0,0,0,0,0,0,0,0,0,0,0,2,0,0,0,0,0,2.17987,0.198802,-1.99504,0,0,0,0,0,0,0,0,0,1.99113,0,0,0,0
0.8,0,0,0,0,0,0,2.675,0.693585,3.09576,-1.95318e-05,-1.09866e-05,0.000154977,-0.000115162,1.37625e-05,0.000824107,0,0,0,0,0,0,0,0,0,0,0,0,0,0,0,0,0,0,0,0,0,0,0,0,0,0,0,0,0,0,0,0,0,0,0,0,0,0,0,0,0.6896,0.54264,1.03086,-2.19734e-05,-1.40385e-05,0.000109676,1.04965e-05,4.97777e-06,0.000555678,0,0,0,0,0,0,0,0,0,0,0,0,0,0,0,0,0,0,0,0,0,0,0,0,0,0,0,0,0,0,0,0,0,0,0,0,0,0,0,0,0,0,0,0,0,0,0,0,0,0,0,0,2,0,0,0,0,0,2.17987,0.198802,-1.99504,0,0,0,0,0,0,0,0,0,1.99113,0,0,0,0
0.85,0,0,0,0,0,0,2.675,0.693585,3.09576,-1.95318e-05,-1.09866e-05,0.000154977,-0.000115162,1.37625e-05,0.000824107,0,0,0,0,0,0,0,0,0,0,0,0,0,0,0,0,0,0,0,0,0,0,0,0,0,0,0,0,0,0,0,0,0,0,0,0,0,0,0,0,0.6896,0.54264,1.03086,-2.19734e-05,-1.40385e-05,0.000109676,1.04965e-05,4.97777e-06,0.000555678,0,0,0,0,0,0,0,0,0,0,0,0,0,0,0,0,0,0,0,0,0,0,0,0,0,0,0,0,0,0,0,0,0,0,0,0,0,0,0,0,0,0,0,0,0,0,0,0,0,0,0,0,2,0,0,0,0,0,2.17987,0.198802,-1.99504,0,0,0,0,0,0,0,0,0,1.99113,0,0,0,0
0.9,0,0,0,0,0,0,2.675,0.69358,3.09575,-1.70904e-05,-5.24919e-05,-5.96065e-05,-5.19826e-05,-0.00019181,-9.30081e-05,0,0,0,0,0,0,0,0,0,0,0,0,0,0,0,0,0,0,0,0,0,0,0,0,0,0,0,0,0,0,0,0,0,0,0,0,0,0,0,0,0.689603,0.542639,1.03087,2.74666e-05,-1.03763e-05,3.21875e-05,0.000231239,-1.84691e-05,0.000257932,0,0,0,0,0,0,0,0,0,0,0,0,0,0,0,0,0,0,0,0,0,0,0,0,0,0,0,0,0,0,0,0,0,0,0,0,0,0,0,0,0,0,0,0,0,0,0,0,0,0,0,0,2,0,0,0,0,0,2.17987,0.198802,-1.99504,0,0,0,0,0,0,0,0,0,1.99112,0,0,0,0
0.95,0,0,0,0,0,0,2.675,0.69358,3.09575,-1.70904e-05,-5.24919e-05,-5.96065e-05,-5.19826e-05,-0.00019181,-9.30081e-05,0,0,0,0,0,0,0,0,0,0,0,0,0,0,0,0,0,0,0,0,0,0,0,0,0,0,0,0,0,0,0,0,0,0,0,0,0,0,0,0,0.689603,0.542639,1.03087,2.74666e-05,-1.03763e-05,3.21875e-05,0.000231239,-1.84691e-05,0.000257932,0,0,0,0,0,0,0,0,0,0,0,0,0,0,0,0,0,0,0,0,0,0,0,0,0,0,0,0,0,0,0,0,0,0,0,0,0,0,0,0,0,0,0,0,0,0,0,0,0,0,0,0,2,0,0,0,0,0,2.24639,0.271803,-2.06485,0,0,0,0,0,0,0,0,0,1.99112,0,0,0,0
1,0,0,0,0,0,0,2.675,0.693591,3.09575,1.70984e-05,0.00011114,2.86246e-05,0.000113945,0.0005108,0.000172569,0,0,0,0,0,0,0,0,0,0,0,0,0,0,0,0,0,0,0,0,0,0,0,0,0,0,0,0,0,0,0,0,0,0,0,0,0,0,0,0,0.689604,0.542643,1.03087,1.03812e-05,3.90822e-05,1.19269e-05,0.000100463,0.00018335,3.36238e-05,0,0,0,0,0,0,0,0,0,0,0,0,0,0,0,0,0,0,0,0,0,0,0,0,0,0,0,0,0,0,0,0,0,0,0,0,0,0,0,0,0,0,0,0,0,0,0,0,0,0,0,0,2,0,0,0,0,0,2.24639,0.271803,-2.06485,0,0,0,0,0,0,0,0,0,1.99112,0,0,0,0
1.05,0,0,0,0,0,0,2.675,0.693591,3.09575,1.70984e-05,0.00011114,2.86246e-05,0.000113945,0.0005108,0.000172569,0,0,0,0,0,0,0,0,0,0,0,0,0,0,0,0,0,0,0,0,0,0,0,0,0,0,0,0,0,0,0,0,0,0,0,0,0,0,0,0,0.689604,0.542643,1.03087,1.03812e-05,3.90822e-05,1.19269e-05,0.000100463,0.00018335,3.36238e-05,0,0,0,0,0,0,0,0,0,0,0,0,0,0,0,0,0,0,0,0,0,0,0,0,0,0,0,0,0,0,0,0,0,0,0,0,0,0,0,0,0,0,0,0,0,0,0,0,0,0,0,0,2,0,0,0,0,0,2.24639,0.271803,-2.06485,0,0,0,0,0,0,0,0,0,1.99112,0,0,0,0
1.1,0,0,0,0,0,0,2.67499,0.693588,3.09574,-4.88089e-05,-2.68449e-05,-0.00010248,-0.000172462,-0.000149389,-0.000384281,0,0,0,0,0,0,0,0,0,0,0,0,0,0,0,0,0,0,0,0,0,0,0,0,0,0,0,0,0,0,0,0,0,0,0,0,0,0,0,0,0.689605,0.542638,1.03088,1.6473e-05,-5.36897e-05,0.000106054,6.6981e-05,-0.000233242,0.000365985,0,0,0,0,0,0,0,0,0,0,0,0,0,0,0,0,0,0,0,0,0,0,0,0,0,0,0,0,0,0,0,0,0,0,0,0,0,0,0,0,0,0,0,0,0,0,0,0,0,0,0,0,2,0,0,0,0,0,2.24639,0.271803,-2.06485,0,0,0,0,0,0,0,0,0,1.99112,0,0,0,0
1.15,0,0,0,0,0,0,2.67499,0.693588,3.09574,-4.88089e-05,-2.68449e-05,-0.00010248,-0.000172462,-0.000149389,-0.000384281,0,0,0,0,0,0,0,0,0,0,0,0,0,0,0,0,0,0,0,0,0,0,0,0,0,0,0,0,0,0,0,0,0,0,0,0,0,0,0,0,0.689605,0.542638,1.03088,1.6473e-05,-5.36897e-05,0.000106054,6.6981e-05,-0.000233242,0.000365985,0,0,0,0,0,0,0,0,0,0,0,0,0,0,0,0,0,0,0,0,0,0,0,0,0,0,0,0,0,0,0,0,0,0,0,0,0,0,0,0,0,0,0,0,0,0,0,0,0,0,0,0,2,0,0,0,0,0,2.32321,0.355935,-2.14544,0,0,0,0,0,0,0,0,0,1.99112,0,0,0,0
1.2,0,0,0,0,0,0,2.675,0.69359,3.09573,9.76866e-05,1.95373e-05,-0.000143096,0.000443086,6.26547e-06,-0.000468234,0,0,0,0,0,0,0,0,0,0,0,0,0,0,0,0,0,0,0,0,0,0,0,0,0,0,0,0,0,0,0,0,0,0,0,0,0,0,0,0,0.689605,0.542647,1.03086,-2.44216e-06,9.1581e-05,-0.000152635,-3.99248e-05,0.000384075,-0.000769055,0,0,0,0,0,0,0,0,0,0,0,0,0,0,0,0,0,0,0,0,0,0,0,0,0,0,0,0,0,0,0,0,0,0,0,0,0,0,0,0,0,0,0,0,0,0,0,0,0,0,0,0,2,0,0,0,0,0,2.32321,0.355935,-2.14544,0,0,0,0,0,0,0,0,0,1.99113,0,0,0,0
1.25,0,0,0,0,0,0,2.675,0.69359,3.09573,9.76866e-05,1.95373e-05,-0.000143096,0.000443086,6.26547e-06,-0.000468234,0,0,0,0,0,0,0,0,0,0,0,0,0,0,0,0,0,0,0,0,0,0,0,0,0,0,0,0,0,0,0,0,0,0,0,0,0,0,0,0,0.689605,0.542647,1.03086,-2.44216e-06,9.1581e-05,-0.000152635,-3.99248e-05,0.000384075,-0.000769055,0,0,0,0,0,0,0,0,0,0,0,0,0,0,0,0,0,0,0,0,0,0,0,0,0,0,0,0,0,0,0,0,0,0,0,0,0,0,0,0,0,0,0,0,0,0,0,0,0,0,0,0,2,0,0,0,0,0,2.32321,0.355935,-2.14544,0,0,0,0,0,0,0,0,0,1.99113,0,0,0,0
1.3,0,0,0,0,0,0,2.675,0.69358,3.09574,-1.46586e-05,-0.000101388,0.000104977,-9.94425e-05,-0.000458308,0.00069851,0,0,0,0,0,0,0,0,0,0,0,0,0,0,0,0,0,0,0,0,0,0,0,0,0,0,0,0,0,0,0,0,0,0,0,0,0,0,0,0,0.689602,0.542638,1.03086,-3.42034e-05,-9.46701e-05,-2.50513e-05,-0.000165336,-0.000429923,-0.000105737,0,0,0,0,0,0,0,0,0,0,0,0,0,0,0,0,0,0,0,0,0,0,0,0,0,0,0,0,0,0,0,0,0,0,0,0,0,0,0,0,0,0,0,0,0,0,0,0,0,0,0,0,2,0,0,0,0,0,2.32321,0.355935,-2.14544,0,0,0,0,0,0,0,0,0,1.99113,0,0,0,0
1.35,0,0,0,0,0,0,2.675,0.69358,3.09574,-1.46586e-05,-0.000101388,0.000104977,-9.94425e-05,-0.000458308,0.00069851,0,0,0,0,0,0,0,0,0,0,0,0,0,0,0,0,0,0,0,0,0,0,0,0,0,0,0,0,0,0,0,0,0,0,0,0,0,0,0,0,0.689602,0.542638,1.03086,-3.42034e-05,-9.46701e-05,-2.50513e-05,-0.000165336,-0.000429923,-0.000105737,0,0,0,0,0,0,0,0,0,0,0,0,0,0,0,0,0,0,0,0,0,0,0,0,0,0,0,0,0,0,0,0,0,0,0,0,0,0,0,0,0,0,0,0,0,0,0,0,0,0,0,0,2,0,0,0,0,0,2.25802,0.284572,-2.07714,0,0,0,0,0,0,0,0,0,1.99113,0,0,0,0
1.4,0,0,0,0,0,0,2.67501,0.693579,3.09577,0.00010739,-9.76272e-06,0.00032892,0.000354488,2.78173e-05,0.00147252,0,0,0,0,0,0,0,0,0,0,0,0,0,0,0,0,0,0,0,0,0,0,0,0,0,0,0,0,0,0,0,0,0,0,0,0,0,0,0,0,0.689601,0.542642,1.03086,-6.71187e-06,4.63729e-05,3.45604e-05,-6.47678e-06,0.000195024,0.000264492,0,0,0,0,0,0,0,0,0,0,0,0,0,0,0,0,0,0,0,0,0,0,0,0,0,0,0,0,0,0,0,0,0,0,0,0,0,0,0,0,0,0,0,0,0,0,0,0,0,0,0,0,2,0,0,0,0,0,2.25802,0.284572,-2.07714,0,0,0,0,0,0,0,0,0,1.99114,0,0,0,0
1.45,0,0,0,0,0,0,2.67501,0.693579,3.09577,0.00010739,-9.76272e-06,0.00032892,0.000354488,2.78173e-05,0.00147252,0,0,0,0,0,0,0,0,0,0,0,0,0,0,0,0,0,0,0,0,0,0,0,0,0,0,0,0,0,0,0,0,0,0,0,0,0,0,0,0,0.689601,0.542642,1.03086,-6.71187e-06,4.63729e-05,3.45604e-05,-6.47678e-06,0.000195024,0.000264492,0,0,0,0,0,0,0,0,0,0,0,0,0,0,0,0,0,0,0,0,0,0,0,0,0,0,0,0,0,0,0,0,0,0,0,0,0,0,0,0,0,0,0,0,0,0,0,0,0,0,0,0,2,0,0,0,0,0,2.25802,0.284572,-2.07714,0,0,0,0,0,0,0,0,0,1.99114,0,0,0,0
1.5,0,0,0,0,0,0,2.67501,0.693591,3.09575,-5.86002e-05,0.000119642,-0.000245598,-0.000389087,0.000599638,-0.00130712,0,0,0,0,0,0,0,0,0,0,0,0,0,0,0,0,0,0,0,0,0,0,0,0,0,0,0,0,0,0,0,0,0,0,0,0,0,0,0,0,0.6896,0.542642,1.03087,-1.58709e-05,-4.88335e-06,4.53046e-05,-1.89532e-05,-3.12135e-06,0.000251845,0,0,0,0,0,0,0,0,0,0,0,0,0,0,0,0,0,0,0,0,0,0,0,0,0,0,0,0,0,0,0,0,0,0,0,0,0,0,0,0,0,0,0,0,0,0,0,0,0,0,0,0,2,0,0,0,0,0,2.25802,0.284572,-2.07714,0,0,0,0,0,0,0,0,0,1.99114,0,0,0,0
1.55,0,0,0,0,0,0,2.67501,0.693591,3.09575,-5.86002e-05,0.000119642,-0.000245598,-0.000389087,0.000599638,-0.00130712,0,0,0,0,0,0,0,0,0,0,0,0,0,0,0,0,0,0,0,0,0,0,0,0,0,0,0,0,0,0,0,0,0,0,0,0,0,0,0,0,0.6896,0.542642,1.03087,-1.58709e-05,-4.88335e-06,4.53046e-05,-1.89532e-05,-3.12135e-06,0.000251845,0,0,0,0,0,0,0,0,0,0,0,0,0,0,0,0,0,0,0,0,0,0,0,0,0,0,0,0,0,0,0,0,0,0,0,0,0,0,0,0,0,0,0,0,0,0,0,0,0,0,0,0,2,0,0,0,0,0,2.21847,0.241208,-2.03555,0,0,0,0,0,0,0,0,0,1.99114,0,0,0,0
1.6,0,0,0,0,0,0,2.675,0.693579,3.09572,-0.000102572,-0.000118447,-0.000245651,-0.000509936,-0.000513845,-0.0011612,0,0,0,0,0,0,0,0,0,0,0,0,0,0,0,0,0,0,0,0,0,0,0,0,0,0,0,0,0,0,0,0,0,0,0,0,0,0,0,0,0.689602,0.54264,1.03087,2.01481e-05,-1.34321e-05,2.14646e-05,0.000130843,-6.2839e-05,5.42707e-05,0,0,0,0,0,0,0,0,0,0,0,0,0,0,0,0,0,0,0,0,0,0,0,0,0,0,0,0,0,0,0,0,0,0,0,0,0,0,0,0,0,0,0,0,0,0,0,0,0,0,0,0,2,0,0,0,0,0,2.21847,0.241208,-2.03555,0,0,0,0,0,0,0,0,0,1.99112,0,0,0,0
1.65,0,0,0,0,0,0,2.675,0.693579,3.09572,-0.000102572,-0.000118447,-0.000245651,-0.000509936,-0.000513845,-0.0011612,0,0,0,0,0,0,0,0,0,0,0,0,0,0,0,0,0,0,0,0,0,0,0,0,0,0,0,0,0,0,0,0,0,0,0,0,0,0,0,0,0.689602,0.54264,1.03087,2.01481e-05,-1.34321e-05,2.14646e-05,0.000130843,-6.2839e-05,5.42707e-05,0,0,0,0,0,0,0,0,0,0,0,0,0,0,0,0,0,0,0,0,0,0,0,0,0,0,0,0,0,0,0,0,0,0,0,0,0,0,0,0,0,0,0,0,0,0,0,0,0,0,0,0,2,0,0,0,0,0,2.21847,0.241208,-2.03555,0,0,0,0,0,0,0,0,0,1.99112,0,0,0,0
1.7,0,0,0,0,0,0,2.675,0.693589,3.09576,-1.22077e-05,0.000100714,0.000338574,3.84325e-05,0.000416331,0.0016567,0,0,0,0,0,0,0,0,0,0,0,0,0,0,0,0,0,0,0,0,0,0,0,0,0,0,0,0,0,0,0,0,0,0,0,0,0,0,0,0,0.689603,0.542643,1.03085,1.8922e-05,2.44154e-05,-0.000230087,9.39625e-05,0.000105401,-0.000999274,0,0,0,0,0,0,0,0,0,0,0,0,0,0,0,0,0,0,0,0,0,0,0,0,0,0,0,0,0,0,0,0,0,0,0,0,0,0,0,0,0,0,0,0,0,0,0,0,0,0,0,0,2,0,0,0,0,0,2.21847,0.241208,-2.03555,0,0,0,0,0,0,0,0,0,1.99112,0,0,0,0
1.75,0,0,0,0,0,0,2.675,0.693589,3.09576,-1.22077e-05,0.000100714,0.000338574,3.84325e-05,0.000416331,0.0016567,0,0,0,0,0,0,0,0,0,0,0,0,0,0,0,0,0,0,0,0,0,0,0,0,0,0,0,0,0,0,0,0,0,0,0,0,0,0,0,0,0.689603,0.542643,1.03085,1.8922e-05,2.44154e-05,-0.000230087,9.39625e-05,0.000105401,-0.000999274,0,0,0,0,0,0,0,0,0,0,0,0,0,0,0,0,0,0,0,0,0,0,0,0,0,0,0,0,0,0,0,0,0,0,0,0,0,0,0,0,0,0,0,0,0,0,0,0,0,0,0,0,2,0,0,0,0,0,2.2464,0.271699,-2.06486,0,0,0,0,0,0,0,0,0,1.99112,0,0,0,0
1.8,0,0,0,0,0,0,2.675,0.693586,3.09574,4.64017e-05,-3.60224e-05,-0.000164562,0.000331521,-0.00017043,-0.000634061,0,0,0,0,0,0,0,0,0,0,0,0,0,0,0,0,0,0,0,0,0,0,0,0,0,0,0,0,0,0,0,0,0,0,0,0,0,0,0,0,0.689595,0.542637,1.03088,-8.42557e-05,-6.04443e-05,0.00027427,-0.000360832,-0.000253,0.00127259,0,0,0,0,0,0,0,0,0,0,0,0,0,0,0,0,0,0,0,0,0,0,0,0,0,0,0,0,0,0,0,0,0,0,0,0,0,0,0,0,0,0,0,0,0,0,0,0,0,0,0,0,2,0,0,0,0,0,2.2464,0.271699,-2.06486,0,0,0,0,0,0,0,0,0,1.99113,0,0,0,0
1.85,0,0,0,0,0,0,2.675,0.693586,3.09574,4.64017e-05,-3.60224e-05,-0.000164562,0.000331521,-0.00017043,-0.000634061,0,0,0,0,0,0,0,0,0,0,0,0,0,0,0,0,0,0,0,0,0,0,0,0,0,0,0,0,0,0,0,0,0,0,0,0,0,0,0,0,0.689595,0.542637,1.03088,-8.42557e-05,-6.04443e-05,0.00027427,-0.000360832,-0.000253,0.00127259,0,0,0,0,0,0,0,0,0,0,0,0,0,0,0,0,0,0,0,0,0,0,0,0,0,0,0,0,0,0,0,0,0,0,0,0,0,0,0,0,0,0,0,0,0,0,0,0,0,0,0,0,2,0,0,0,0,0,2.2464,0.271699,-2.06486,0,0,0,0,0,0,0,0,0,1.99113,0,0,0,0
1.9,0,0,0,0,0,0,2.67499,0.693588,3.09573,-5.8595e-05,2.68561e-05,-7.15271e-05,-0.000180761,6.94545e-05,-0.000319204,0,0,0,0,0,0,0,0,0,0,0,0,0,0,0,0,0,0,0,0,0,0,0,0,0,0,0,0,0,0,0,0,0,0,0,0,0,0,0,0,0.689599,0.542636,1.03086,4.27256e-05,-4.27256e-06,-0.000175242,0.000229087,2.39667e-05,-0.000724241,0,0,0,0,0,0,0,0,0,0,0,0,0,0,0,0,0,0,0,0,0,0,0,0,0,0,0,0,0,0,0,0,0,0,0,0,0,0,0,0,0,0,0,0,0,0,0,0,0,0,0,0,2,0,0,0,0,0,2.2464,0.271699,-2.06486,0,0,0,0,0,0,0,0,0,1.99113,0,0,0,0
1.95,0,0,0,0,0,0,2.67499,0.693588,3.09573,-5.8595e-05,2.68561e-05,-7.15271e-05,-0.000180761,6.94545e-05,-0.000319204,0,0,0,0,0,0,0,0,0,0,0,0,0,0,0,0,0,0,0,0,0,0,0,0,0,0,0,0,0,0,0,0,0,0,0,0,0,0,0,0,0.689599,0.542636,1.03086,4.27256e-05,-4.27256e-06,-0.000175242,0.000229087,2.39667e-05,-0.000724241,0,0,0,0,0,0,0,0,0,0,0,0,0,0,0,0,0,0,0,0,0,0,0,0,0,0,0,0,0,0,0,0,0,0,0,0,0,0,0,0,0,0,0,0,0,0,0,0,0,0,0,0,2,0,0,0,0,0,2.19844,0.219292,-2.01463,0,0,0,0,0,0,0,0,0,1.99113,0,0,0,0
2,0,0,0,0,0,0,2.67499,0.693591,3.09573,7.32335e-06,2.25803e-05,-2.86068e-05,8.55124e-05,5.70929e-05,2.24845e-05,0,0,0,0,0,0,0,0,0,0,0,0,0,0,0,0,0,0,0,0,0,0,0,0,0,0,0,0,0,0,0,0,0,0,0,0,0,0,0,0,0.689604,0.54264,1.03088,4.51606e-05,3.47859e-05,0.000185944,0.00022715,0.000207964,0.000738042,0,0,0,0,0,0,0,0,0,0,0,0,0,0,0,0,0,0,0,0,0,0,0,0,0,0,0,0,0,0,0,0,0,0,0,0,0,0,0,0,0,0,0,0,0,0,0,0,0,0,0,0,2,0,0,0,0,0,2.19844,0.219292,-2.01463,0,0,0,0,0,0,0,0,0,1.99112,0,0,0,0
2.05,0,0,0,0,0,0,2.67499,0.693591,3.09573,7.32335e-06,2.25803e-05,-2.86068e-05,8.55124e-05,5.70929e-05,2.24845e-05,0,0,0,0,0,0,0,0,0,0,0,0,0,0,0,0,0,0,0,0,0,0,0,0,0,0,0,0,0,0,0,0,0,0,0,0,0,0,0,0,0.689604,0.54264,1.03088,4.51606e-05,3.47859e-05,0.000185944,0.00022715,0.000207964,0.000738042,0,0,0,0,0,0,0,0,0,0,0,0,0,0,0,0,0,0,0,0,0,0,0,0,0,0,0,0,0,0,0,0,0,0,0,0,0,0,0,0,0,0,0,0,0,0,0,0,0,0,0,0,2,0,0,0,0,0,2.19844,0.219292,-2.01463,0,0,0,0,0,0,0,0,0,1.99112,0,0,0,0
2.1,0,0,0,0,0,0,2.67499,0.693579,3.09572,-2.19769e-05,-0.000114158,-0.000155002,-2.96946e-05,-0.000513761,-0.000445266,0,0,0,0,0,0,0,0,0,0,0,0,0,0,0,0,0,0,0,0,0,0,0,0,0,0,0,0,0,0,0,0,0,0,0,0,0,0,0,0,0.689602,0.542637,1.03088,-1.40408e-05,-3.29653e-05,3.45773e-05,-0.000100445,-0.000120957,3.61386e-05,0,0,0,0,0,0,0,0,0,0,0,0,0,0,0,0,0,0,0,0,0,0,0,0,0,0,0,0,0,0,0,0,0,0,0,0,0,0,0,0,0,0,0,0,0,0,0,0,0,0,0,0,2,0,0,0,0,0,2.19844,0.219292,-2.01463,0,0,0,0,0,0,0,0,0,1.99112,0,0,0,0
2.15,0,0,0,0,0,0,2.67499,0.693579,3.09572,-2.19769e-05,-0.000114158,-0.000155002,-2.96946e-05,-0.000513761,-0.000445266,0,0,0,0,0,0,0,0,0,0,0,0,0,0,0,0,0,0,0,0,0,0,0,0,0,0,0,0,0,0,0,0,0,0,0,0,0,0,0,0,0.689602,0.542637,1.03088,-1.40408e-05,-3.29653e-05,3.45773e-05,-0.000100445,-0.000120957,3.61386e-05,0,0,0,0,0,0,0,0,0,0,0,0,0,0,0,0,0,0,0,0,0,0,0,0,0,0,0,0,0,0,0,0,0,0,0,0,0,0,0,0,0,0,0,0,0,0,0,0,0,0,0,0,2,0,0,0,0,0,2.24638,0.271872,-2.06482,0,0,0,0,0,0,0,0,0,1.99112,0,0,0,0
2.2,0,0,0,0,0,0,2.675,0.693594,3.09575,7.81393e-05,0.000147732,0.000357693,0.000366598,0.000660622,0.00171781,0,0,0,0,0,0,0,0,0,0,0,0,0,0,0,0,0,0,0,0,0,0,0,0,0,0,0,0,0,0,0,0,0,0,0,0,0,0,0,0,0.689598,0.542643,1.03087,-4.02906e-05,5.98255e-05,-0.000101347,-0.000209537,0.000253603,-0.000616373,0,0,0,0,0,0,0,0,0,0,0,0,0,0,0,0,0,0,0,0,0,0,0,0,0,0,0,0,0,0,0,0,0,0,0,0,0,0,0,0,0,0,0,0,0,0,0,0,0,0,0,0,2,0,0,0,0,0,2.24638,0.271872,-2.06482,0,0,0,0,0,0,0,0,0,1.99113,0,0,0,0
2.25,0,0,0,0,0,0,2.675,0.693594,3.09575,7.81393e-05,0.000147732,0.000357693,0.000366598,0.000660622,0.00171781,0,0,0,0,0,0,0,0,0,0,0,0,0,0,0,0,0,0,0,0,0,0,0,0,0,0,0,0,0,0,0,0,0,0,0,0,0,0,0,0,0.689598,0.542643,1.03087,-4.02906e-05,5.98255e-05,-0.000101347,-0.000209537,0.000253603,-0.000616373,0,0,0,0,0,0,0,0,0,0,0,0,0,0,0,0,0,0,0,0,0,0,0,0,0,0,0,0,0,0,0,0,0,0,0,0,0,0,0,0,0,0,0,0,0,0,0,0,0,0,0,0,2,0,0,0,0,0,2.24638,0.271872,-2.06482,0,0,0,0,0,0,0,0,0,1.99113,0,0,0,0
2.3,0,0,0,0,0,0,2.675,0.693591,3.09575,4.39428e-05,-2.92952e-05,-3.33767e-05,0.000137161,-0.000151652,-0.000238202,0,0,0,0,0,0,0,0,0,0,0,0,0,0,0,0,0,0,0,0,0,0,0,0,0,0,0,0,0,0,0,0,0,0,0,0,0,0,0,0,0.689603,0.542639,1.03088,4.57738e-05,-3.35674e-05,5.84092e-05,0.000203295,-0.000170173,0.000179874,0,0,0,0,0,0,0,0,0,0,0,0,0,0,0,0,0,0,0,0,0,0,0,0,0,0,0,0,0,0,0,0,0,0,0,0,0,0,0,0,0,0,0,0,0,0,0,0,0,0,0,0,2,0,0,0,0,0,2.24638,0.271872,-2.06482,0,0,0,0,0,0,0,0,0,1.99113,0,0,0,0
2.35,0,0,0,0,0,0,2.675,0.693591,3.09575,4.39428e-05,-2.92952e-05,-3.33767e-05,0.000137161,-0.000151652,-0.000238202,0,0,0,0,0,0,0,0,0,0,0,0,0,0,0,0,0,0,0,0,0,0,0,0,0,0,0,0,0,0,0,0,0,0,0,0,0,0,0,0,0.689603,0.542639,1.03088,4.57738e-05,-3.35674e-05,5.84092e-05,0.000203295,-0.000170173,0.000179874,0,0,0,0,0,0,0,0,0,0,0,0,0,0,0,0,0,0,0,0,0,0,0,0,0,0,0,0,0,0,0,0,0,0,0,0,0,0,0,0,0,0,0,0,0,0,0,0,0,0,0,0,2,0,0,0,0,0,2.18645,0.206104,-2.00195,0,0,0,0,0,0,0,0,0,1.99113,0,0,0,0
2.4,0,0,0,0,0,0,2.675,0.693592,3.09575,-7.5707e-05,1.52635e-05,0,-0.000426799,-2.29695e-05,-0.000274455,0,0,0,0,0,0,0,0,0,0,0,0,0,0,0,0,0,0,0,0,0,0,0,0,0,0,0,0,0,0,0,0,0,0,0,0,0,0,0,0,0.689604,0.54264,1.03086,6.1054e-06,3.66324e-06,-0.00015979,1.94322e-05,-1.07738e-05,-0.000656068,0,0,0,0,0,0,0,0,0,0,0,0,0,0,0,0,0,0,0,0,0,0,0,0,0,0,0,0,0,0,0,0,0,0,0,0,0,0,0,0,0,0,0,0,0,0,0,0,0,0,0,0,2,0,0,0,0,0,2.18645,0.206104,-2.00195,0,0,0,0,0,0,0,0,0,1.99112,0,0,0,0
2.45,0,0,0,0,0,0,2.675,0.693592,3.09575,-7.5707e-05,1.52635e-05,0,-0.000426799,-2.29695e-05,-0.000274455,0,0,0,0,0,0,0,0,0,0,0,0,0,0,0,0,0,0,0,0,0,0,0,0,0,0,0,0,0,0,0,0,0,0,0,0,0,0,0,0,0.689604,0.54264,1.03086,6.1054e-06,3.66324e-06,-0.00015979,1.94322e-05,-1.07738e-05,-0.000656068,0,0,0,0,0,0,0,0,0,0,0,0,0,0,0,0,0,0,0,0,0,0,0,0,0,0,0,0,0,0,0,0,0,0,0,0,0,0,0,0,0,0,0,0,0,0,0,0,0,0,0,0,2,0,0,0,0,0,2.18645,0.206104,-2.00195,0,0,0,0,0,0,0,0,0,1.99112,0,0,0,0
2.5,0,0,0,0,0,0,2.675,0.693587,3.09578,7.32237e-06,-5.00362e-05,0.000297948,-8.90978e-07,-0.00025729,0.00102089,0,0,0,0,0,0,0,0,0,0,0,0,0,0,0,0,0,0,0,0,0,0,0,0,0,0,0,0,0,0,0,0,0,0,0,0,0,0,0,0,0.6896,0.542643,1.03087,-3.60016e-05,3.90525e-05,7.03156e-05,-0.000181464,0.000156521,0.000412247,0,0,0,0,0,0,0,0,0,0,0,0,0,0,0,0,0,0,0,0,0,0,0,0,0,0,0,0,0,0,0,0,0,0,0,0,0,0,0,0,0,0,0,0,0,0,0,0,0,0,0,0,2,0,0,0,0,0,2.18645,0.206104,-2.00195,0,0,0,0,0,0,0,0,0,1.99113,0,0,0,0
2.55,0,0,0,0,0,0,2.675,0.693587,3.09578,7.32237e-06,-5.00362e-05,0.000297948,-8.90978e-07,-0.00025729,0.00102089,0,0,0,0,0,0,0,0,0,0,0,0,0,0,0,0,0,0,0,0,0,0,0,0,0,0,0,0,0,0,0,0,0,0,0,0,0,0,0,0,0.6896,0.542643,1.03087,-3.60016e-05,3.90525e-05,7.03156e-05,-0.000181464,0.000156521,0.000412247,0,0,0,0,0,0,0,0,0,0,0,0,0,0,0,0,0,0,0,0,0,0,0,0,0,0,0,0,0,0,0,0,0,0,0,0,0,0,0,0,0,0,0,0,0,0,0,0,0,0,0,0,2,0,0,0,0,0,2.27461,0.302682,-2.09458,0,0,0,0,0,0,0,0,0,1.99113,0,0,0,0
2.6,0,0,0,0,0,0,2.675,0.69359,3.09574,4.8837e-06,2.13662e-05,-0.000336231,4.73754e-05,9.91473e-05,-0.00174597,0,0,0,0,0,0,0,0,0,0,0,0,0,0,0,0,0,0,0,0,0,0,0,0,0,0,0,0,0,0,0,0,0,0,0,0,0,0,0,0,0.689596,0.542643,1.03086,-3.60174e-05,-2.44186e-06,-4.29233e-05,-0.000136177,-4.9214e-05,-6.03763e-05,0,0,0,0,0,0,0,0,0,0,0,0,0,0,0,0,0,0,0,0,0,0,0,0,0,0,0,0,0,0,0,0,0,0,0,0,0,0,0,0,0,0,0,0,0,0,0,0,0,0,0,0,2,0,0,0,0,0,2.27461,0.302682,-2.09458,0,0,0,0,0,0,0,0,0,1.99113,0,0,0,0
2.65,0,0,0,0,0,0,2.675,0.69359,3.09574,4.8837e-06,2.13662e-05,-0.000336231,4.73754e-05,9.91473e-05,-0.00174597,0,0,0,0,0,0,0,0,0,0,0,0,0,0,0,0,0,0,0,0,0,0,0,0,0,0,0,0,0,0,0,0,0,0,0,0,0,0,0,0,0.689596,0.542643,1.03086,-3.60174e-05,-2.44186e-06,-4.29233e-05,-0.000136177,-4.9214e-05,-6.03763e-05,0,0,0,0,0,0,0,0,0,0,0,0,0,0,0,0,0,0,0,0,0,0,0,0,0,0,0,0,0,0,0,0,0,0,0,0,0,0,0,0,0,0,0,0,0,0,0,0,0,0,0,0,2,0,0,0,0,0,2.27461,0.302682,-2.09458,0,0,0,0,0,0,0,0,0,1.99113,0,0,0,0
2.7,0,0,0,0,0,0,2.67501,0.6936,3.09577,0.000109866,0.000106204,0.000295646,0.000454462,0.00044676,0.0011019,0,0,0,0,0,0,0,0,0,0,0,0,0,0,0,0,0,0,0,0,0,0,0,0,0,0,0,0,0,0,0,0,0,0,0,0,0,0,0,0,0.6896,0.542644,1.03087,3.6622e-05,5.4933e-06,6.79509e-05,0.000214583,-2.56784e-05,0.000342797,0,0,0,0,0,0,0,0,0,0,0,0,0,0,0,0,0,0,0,0,0,0,0,0,0,0,0,0,0,0,0,0,0,0,0,0,0,0,0,0,0,0,0,0,0,0,0,0,0,0,0,0,2,0,0,0,0,0,2.27461,0.302682,-2.09458,0,0,0,0,0,0,0,0,0,1.99114,0,0,0,0
2.75,0,0,0,0,0,0,2.67501,0.6936,3.09577,0.000109866,0.000106204,0.000295646,0.000454462,0.00044676,0.0011019,0,0,0,0,0,0,0,0,0,0,0,0,0,0,0,0,0,0,0,0,0,0,0,0,0,0,0,0,0,0,0,0,0,0,0,0,0,0,0,0,0.6896,0.542644,1.03087,3.6622e-05,5.4933e-06,6.79509e-05,0.000214583,-2.56784e-05,0.000342797,0,0,0,0,0,0,0,0,0,0,0,0,0,0,0,0,0,0,0,0,0,0,0,0,0,0,0,0,0,0,0,0,0,0,0,0,0,0,0,0,0,0,0,0,0,0,0,0,0,0,0,0,2,0,0,0,0,0,2.24641,0.271779,-2.06497,0,0,0,0,0,0,0,0,0,1.99114,0,0,0,0
2.8,0,0,0,0,0,0,2.675,0.693585,3.09573,-7.0802e-05,-0.000147708,-0.000467308,-0.000393933,-0.00069927,-0.00200146,0,0,0,0,0,0,0,0,0,0,0,0,0,0,0,0,0,0,0,0,0,0,0,0,0,0,0,0,0,0,0,0,0,0,0,0,0,0,0,0,0.689603,0.542641,1.03086,3.41801e-05,-2.62455e-05,-8.8216e-05,0.000166567,-0.000139054,-0.000363605,0,0,0,0,0,0,0,0,0,0,0,0,0,0,0,0,0,0,0,0,0,0,0,0,0,0,0,0,0,0,0,0,0,0,0,0,0,0,0,0,0,0,0,0,0,0,0,0,0,0,0,0,2,0,0,0,0,0,2.24641,0.271779,-2.06497,0,0,0,0,0,0,0,0,0,1.99113,0,0,0,0
2.85,0,0,0,0,0,0,2.675,0.693585,3.09573,-7.0802e-05,-0.000147708,-0.000467308,-0.000393933,-0.00069927,-0.00200146,0,0,0,0,0,0,0,0,0,0,0,0,0,0,0,0,0,0,0,0,0,0,0,0,0,0,0,0,0,0,0,0,0,0,0,0,0,0,0,0,0.689603,0.542641,1.03086,3.41801e-05,-2.62455e-05,-8.8216e-05,0.000166567,-0.000139054,-0.000363605,0,0,0,0,0,0,0,0,0,0,0,0,0,0,0,0,0,0,0,0,0,0,0,0,0,0,0,0,0,0,0,0,0,0,0,0,0,0,0,0,0,0,0,0,0,0,0,0,0,0,0,0,2,0,0,0,0,0,2.24641,0.271779,-2.06497,0,0,0,0,0,0,0,0,0,1.99113,0,0,0,0
2.9,0,0,0,0,0,0,2.675,0.693579,3.09577,7.32764e-06,-5.98424e-05,0.000391189,-3.91895e-05,-0.000223891,0.00180842,0,0,0,0,0,0,0,0,0,0,0,0,0,0,0,0,0,0,0,0,0,0,0,0,0,0,0,0,0,0,0,0,0,0,0,0,0,0,0,0,0.689598,0.542643,1.03088,-5.19043e-05,1.40447e-05,0.000174127,-0.000250441,6.21438e-05,0.000734272,0,0,0,0,0,0,0,0,0,0,0,0,0,0,0,0,0,0,0,0,0,0,0,0,0,0,0,0,0,0,0,0,0,0,0,0,0,0,0,0,0,0,0,0,0,0,0,0,0,0,0,0,2,0,0,0,0,0,2.24641,0.271779,-2.06497,0,0,0,0,0,0,0,0,0,1.99113,0,0,0,0
2.95,0,0,0,0,0,0,2.675,0.693579,3.09577,7.32764e-06,-5.98424e-05,0.000391189,-3.91895e-05,-0.000223891,0.00180842,0,0,0,0,0,0,0,0,0,0,0,0,0,0,0,0,0,0,0,0,0,0,0,0,0,0,0,0,0,0,0,0,0,0,0,0,0,0,0,0,0.689598,0.542643,1.03088,-5.19043e-05,1.40447e-05,0.000174127,-0.000250441,6.21438e-05,0.000734272,0,0,0,0,0,0,0,0,0,0,0,0,0,0,0,0,0,0,0,0,0,0,0,0,0,0,0,0,0,0,0,0,0,0,0,0,0,0,0,0,0,0,0,0,0,0,0,0,0,0,0,0,2,0,0,0,0,0,2.33142,0.364966,-2.15407,0,0,0,0,0,0,0,0,0,1.99113,0,0,0,0
3,0,0,0,0,0,0,2.675,0.693596,3.09575,-5.61439e-05,0.000167211,-0.00019309,-0.000229129,0.000837097,-0.000732566,0,0,0,0,0,0,0,0,0,0,0,0,0,0,0,0,0,0,0,0,0,0,0,0,0,0,0,0,0,0,0,0,0,0,0,0,0,0,0,0,0.689602,0.542647,1.03087,3.90567e-05,4.27183e-05,-7.03231e-05,0.000156568,0.000179144,-0.000387032,0,0,0,0,0,0,0,0,0,0,0,0,0,0,0,0,0,0,0,0,0,0,0,0,0,0,0,0,0,0,0,0,0,0,0,0,0,0,0,0,0,0,0,0,0,0,0,0,0,0,0,0,2,0,0,0,0,0,2.33142,0.364966,-2.15407,0,0,0,0,0,0,0,0,0,1.99113,0,0,0,0
3.05,0,0,0,0,0,0,2.675,0.693596,3.09575,-5.61439e-05,0.000167211,-0.00019309,-0.000229129,0.000837097,-0.000732566,0,0,0,0,0,0,0,0,0,0,0,0,0,0,0,0,0,0,0,0,0,0,0,0,0,0,0,0,0,0,0,0,0,0,0,0,0,0,0,0,0.689602,0.542647,1.03087,3.90567e-05,4.27183e-05,-7.03231e-05,0.000156568,0.000179144,-0.000387032,0,0,0,0,0,0,0,0,0,0,0,0,0,0,0,0,0,0,0,0,0,0,0,0,0,0,0,0,0,0,0,0,0,0,0,0,0,0,0,0,0,0,0,0,0,0,0,0,0,0,0,0,2,0,0,0,0,0,2.33142,0.364966,-2.15407,0,0,0,0,0,0,0,0,0,1.99113,0,0,0,0
3.1,0,0,0,0,0,0,2.675,0.693585,3.09574,9.76264e-06,-0.00011288,-7.38872e-05,0.000100104,-0.000473066,-0.000307478,0,0,0,0,0,0,0,0,0,0,0,0,0,0,0,0,0,0,0,0,0,0,0,0,0,0,0,0,0,0,0,0,0,0,0,0,0,0,0,0,0.689599,0.542645,1.03087,-2.74574e-05,-2.13557e-05,7.15036e-06,-0.000116691,-0.000132661,-7.45961e-05,0,0,0,0,0,0,0,0,0,0,0,0,0,0,0,0,0,0,0,0,0,0,0,0,0,0,0,0,0,0,0,0,0,0,0,0,0,0,0,0,0,0,0,0,0,0,0,0,0,0,0,0,2,0,0,0,0,0,2.33142,0.364966,-2.15407,0,0,0,0,0,0,0,0,0,1.99113,0,0,0,0
3.15,0,0,0,0,0,0,2.675,0.693585,3.09574,9.76264e-06,-0.00011288,-7.38872e-05,0.000100104,-0.000473066,-0.000307478,0,0,0,0,0,0,0,0,0,0,0,0,0,0,0,0,0,0,0,0,0,0,0,0,0,0,0,0,0,0,0,0,0,0,0,0,0,0,0,0,0.689599,0.542645,1.03087,-2.74574e-05,-2.13557e-05,7.15036e-06,-0.000116691,-0.000132661,-7.45961e-05,0,0,0,0,0,0,0,0,0,0,0,0,0,0,0,0,0,0,0,0,0,0,0,0,0,0,0,0,0,0,0,0,0,0,0,0,0,0,0,0,0,0,0,0,0,0,0,0,0,0,0,0,2,0,0,0,0,0,2.23324,0.257413,-2.05114,0,0,0,0,0,0,0,0,0,1.99113,0,0,0,0
3.2,0,0,0,0,0,0,2.675,0.693583,3.09574,-2.93088e-05,-1.8318e-05,-2.86218e-05,-5.14692e-05,-8.33584e-05,5.38365e-05,0,0,0,0,0,0,0,0,0,0,0,0,0,0,0,0,0,0,0,0,0,0,0,0,0,0,0,0,0,0,0,0,0,0,0,0,0,0,0,0,0.689601,0.542638,1.03088,1.28226e-05,-6.83873e-05,7.39399e-05,5.39323e-05,-0.000309732,0.000264331,0,0,0,0,0,0,0,0,0,0,0,0,0,0,0,0,0,0,0,0,0,0,0,0,0,0,0,0,0,0,0,0,0,0,0,0,0,0,0,0,0,0,0,0,0,0,0,0,0,0,0,0,2,0,0,0,0,0,2.23324,0.257413,-2.05114,0,0,0,0,0,0,0,0,0,1.99112,0,0,0,0
3.25,0,0,0,0,0,0,2.675,0.693583,3.09574,-2.93088e-05,-1.8318e-05,-2.86218e-05,-5.14692e-05,-8.33584e-05,5.38365e-05,0,0,0,0,0,0,0,0,0,0,0,0,0,0,0,0,0,0,0,0,0,0,0,0,0,0,0,0,0,0,0,0,0,0,0,0,0,0,0,0,0.689601,0.542638,1.03088,1.28226e-05,-6.83873e-05,7.39399e-05,5.39323e-05,-0.000309732,0.000264331,0,0,0,0,0,0,0,0,0,0,0,0,0,0,0,0,0,0,0,0,0,0,0,0,0,0,0,0,0,0,0,0,0,0,0,0,0,0,0,0,0,0,0,0,0,0,0,0,0,0,0,0,2,0,0,0,0,0,2.23324,0.257413,-2.05114,0,0,0,0,0,0,0,0,0,1.99112,0,0,0,0
3.3,0,0,0,0,0,0,2.67501,0.693601,3.09575,9.5203e-05,0.000178811,0.000176408,0.000446071,0.000790337,0.000900423,0,0,0,0,0,0,0,0,0,0,0,0,0,0,0,0,0,0,0,0,0,0,0,0,0,0,0,0,0,0,0,0,0,0,0,0,0,0,0,0,0.689607,0.542647,1.03084,5.91966e-05,9.45925e-05,-0.000395725,0.00024079,0.000441204,-0.00167202,0,0,0,0,0,0,0,0,0,0,0,0,0,0,0,0,0,0,0,0,0,0,0,0,0,0,0,0,0,0,0,0,0,0,0,0,0,0,0,0,0,0,0,0,0,0,0,0,0,0,0,0,2,0,0,0,0,0,2.23324,0.257413,-2.05114,0,0,0,0,0,0,0,0,0,1.99113,0,0,0,0
3.35,0,0,0,0,0,0,2.67501,0.693601,3.09575,9.5203e-05,0.000178811,0.000176408,0.000446071,0.000790337,0.000900423,0,0,0,0,0,0,0,0,0,0,0,0,0,0,0,0,0,0,0,0,0,0,0,0,0,0,0,0,0,0,0,0,0,0,0,0,0,0,0,0,0.689607,0.542647,1.03084,5.91966e-05,9.45925e-05,-0.000395725,0.00024079,0.000441204,-0.00167202,0,0,0,0,0,0,0,0,0,0,0,0,0,0,0,0,0,0,0,0,0,0,0,0,0,0,0,0,0,0,0,0,0,0,0,0,0,0,0,0,0,0,0,0,0,0,0,0,0,0,0,0,2,0,0,0,0,0,2.24097,0.265863,-2.05925,0,0,0,0,0,0,0,0,0,1.99113,0,0,0,0
3.4,0,0,0,0,0,0,2.67501,0.693584,3.09572,2.68633e-05,-0.000164843,-0.000307649,6.2072e-05,-0.000780394,-0.00127895,0,0,0,0,0,0,0,0,0,0,0,0,0,0,0,0,0,0,0,0,0,0,0,0,0,0,0,0,0,0,0,0,0,0,0,0,0,0,0,0,0.689605,0.542639,1.03087,-1.58737e-05,-8.60844e-05,0.000343422,-0.000130122,-0.000355388,0.00168753,0,0,0,0,0,0,0,0,0,0,0,0,0,0,0,0,0,0,0,0,0,0,0,0,0,0,0,0,0,0,0,0,0,0,0,0,0,0,0,0,0,0,0,0,0,0,0,0,0,0,0,0,2,0,0,0,0,0,2.24097,0.265863,-2.05925,0,0,0,0,0,0,0,0,0,1.99113,0,0,0,0
3.45,0,0,0,0,0,0,2.67501,0.693584,3.09572,2.68633e-05,-0.000164843,-0.000307649,6.2072e-05,-0.000780394,-0.00127895,0,0,0,0,0,0,0,0,0,0,0,0,0,0,0,0,0,0,0,0,0,0,0,0,0,0,0,0,0,0,0,0,0,0,0,0,0,0,0,0,0.689605,0.542639,1.03087,-1.58737e-05,-8.60844e-05,0.000343422,-0.000130122,-0.000355388,0.00168753,0,0,0,0,0,0,0,0,0,0,0,0,0,0,0,0,0,0,0,0,0,0,0,0,0,0,0,0,0,0,0,0,0,0,0,0,0,0,0,0,0,0,0,0,0,0,0,0,0,0,0,0,2,0,0,0,0,0,2.24097,0.265863,-2.05925,0,0,0,0,0,0,0,0,0,1.99113,0,0,0,0
3.5,0,0,0,0,0,0,2.675,0.693598,3.09577,-4.88278e-05,0.000137938,0.000476834,-0.000317111,0.000528548,0.00207147,0,0,0,0,0,0,0,0,0,0,0,0,0,0,0,0,0,0,0,0,0,0,0,0,0,0,0,0,0,0,0,0,0,0,0,0,0,0,0,0,0.689608,0.542639,1.0309,2.74657e-05,2.44139e-06,0.000230073,4.48351e-05,3.24591e-05,0.0010153,0,0,0,0,0,0,0,0,0,0,0,0,0,0,0,0,0,0,0,0,0,0,0,0,0,0,0,0,0,0,0,0,0,0,0,0,0,0,0,0,0,0,0,0,0,0,0,0,0,0,0,0,2,0,0,0,0,0,2.24097,0.265863,-2.05925,0,0,0,0,0,0,0,0,0,1.99113,0,0,0,0
3.55,0,0,0,0,0,0,2.675,0.693598,3.09577,-4.88278e-05,0.000137938,0.000476834,-0.000317111,0.000528548,0.00207147,0,0,0,0,0,0,0,0,0,0,0,0,0,0,0,0,0,0,0,0,0,0,0,0,0,0,0,0,0,0,0,0,0,0,0,0,0,0,0,0,0.689608,0.542639,1.0309,2.74657e-05,2.44139e-06,0.000230073,4.48351e-05,3.24591e-05,0.0010153,0,0,0,0,0,0,0,0,0,0,0,0,0,0,0,0,0,0,0,0,0,0,0,0,0,0,0,0,0,0,0,0,0,0,0,0,0,0,0,0,0,0,0,0,0,0,0,0,0,0,0,0,2,0,0,0,0,0,2.24641,0.271682,-2.06487,0,0,0,0,0,0,0,0,0,1.99113,0,0,0,0
3.6,0,0,0,0,0,0,2.675,0.693578,3.09572,1.46496e-05,-0.00019777,-0.000469722,1.1905e-05,-0.000846859,-0.00208491,0,0,0,0,0,0,0,0,0,0,0,0,0,0,0,0,0,0,0,0,0,0,0,0,0,0,0,0,0,0,0,0,0,0,0,0,0,0,0,0,0.689599,0.542645,1.03086,-9.21705e-05,6.104e-05,-0.000375539,-0.000427435,0.000306146,-0.00190132,0,0,0,0,0,0,0,0,0,0,0,0,0,0,0,0,0,0,0,0,0,0,0,0,0,0,0,0,0,0,0,0,0,0,0,0,0,0,0,0,0,0,0,0,0,0,0,0,0,0,0,0,2,0,0,0,0,0,2.24641,0.271682,-2.06487,0,0,0,0,0,0,0,0,0,1.99113,0,0,0,0
3.65,0,0,0,0,0,0,2.675,0.693578,3.09572,1.46496e-05,-0.00019777,-0.000469722,1.1905e-05,-0.000846859,-0.00208491,0,0,0,0,0,0,0,0,0,0,0,0,0,0,0,0,0,0,0,0,0,0,0,0,0,0,0,0,0,0,0,0,0,0,0,0,0,0,0,0,0.689599,0.542645,1.03086,-9.21705e-05,6.104e-05,-0.000375539,-0.000427435,0.000306146,-0.00190132,0,0,0,0,0,0,0,0,0,0,0,0,0,0,0,0,0,0,0,0,0,0,0,0,0,0,0,0,0,0,0,0,0,0,0,0,0,0,0,0,0,0,0,0,0,0,0,0,0,0,0,0,2,0,0,0,0,0,2.24641,0.271682,-2.06487,0,0,0,0,0,0,0,0,0,1.99113,0,0,0,0
3.7,0,0,0,0,0,0,2.67501,0.693599,3.09575,2.93036e-05,0.000203904,0.000259936,0.000110229,0.000910279,0.00110099,0,0,0,0,0,0,0,0,0,0,0,0,0,0,0,0,0,0,0,0,0,0,0,0,0,0,0,0,0,0,0,0,0,0,0,0,0,0,0,0,0.689597,0.542649,1.03087,-1.52623e-05,4.15135e-05,6.79649e-05,-1.32804e-05,0.00014285,0.000235657,0,0,0,0,0,0,0,0,0,0,0,0,0,0,0,0,0,0,0,0,0,0,0,0,0,0,0,0,0,0,0,0,0,0,0,0,0,0,0,0,0,0,0,0,0,0,0,0,0,0,0,0,2,0,0,0,0,0,2.24641,0.271682,-2.06487,0,0,0,0,0,0,0,0,0,1.99114,0,0,0,0
3.75,0,0,0,0,0,0,2.67501,0.693599,3.09575,2.93036e-05,0.000203904,0.000259936,0.000110229,0.000910279,0.00110099,0,0,0,0,0,0,0,0,0,0,0,0,0,0,0,0,0,0,0,0,0,0,0,0,0,0,0,0,0,0,0,0,0,0,0,0,0,0,0,0,0.689597,0.542649,1.03087,-1.52623e-05,4.15135e-05,6.79649e-05,-1.32804e-05,0.00014285,0.000235657,0,0,0,0,0,0,0,0,0,0,0,0,0,0,0,0,0,0,0,0,0,0,0,0,0,0,0,0,0,0,0,0,0,0,0,0,0,0,0,0,0,0,0,0,0,0,0,0,0,0,0,0,2,0,0,0,0,0,2.2465,0.271829,-2.06495,0,0,0,0,0,0,0,0,0,1.99114,0,0,0,0
3.8,0,0,0,0,0,0,2.67499,0.693585,3.09574,-0.000190393,-0.000137913,-0.000150175,-0.000798368,-0.000581308,-0.000546256,0,0,0,0,0,0,0,0,0,0,0,0,0,0,0,0,0,0,0,0,0,0,0,0,0,0,0,0,0,0,0,0,0,0,0,0,0,0,0,0,0.689598,0.542638,1.03084,1.34252e-05,-0.000112283,-0.000227646,0.000162705,-0.000550854,-0.000750426,0,0,0,0,0,0,0,0,0,0,0,0,0,0,0,0,0,0,0,0,0,0,0,0,0,0,0,0,0,0,0,0,0,0,0,0,0,0,0,0,0,0,0,0,0,0,0,0,0,0,0,0,2,0,0,0,0,0,2.2465,0.271829,-2.06495,0,0,0,0,0,0,0,0,0,1.99112,0,0,0,0
3.85,0,0,0,0,0,0,2.67499,0.693585,3.09574,-0.000190393,-0.000137913,-0.000150175,-0.000798368,-0.000581308,-0.000546256,0,0,0,0,0,0,0,0,0,0,0,0,0,0,0,0,0,0,0,0,0,0,0,0,0,0,0,0,0,0,0,0,0,0,0,0,0,0,0,0,0.689598,0.542638,1.03084,1.34252e-05,-0.000112283,-0.000227646,0.000162705,-0.000550854,-0.000750426,0,0,0,0,0,0,0,0,0,0,0,0,0,0,0,0,0,0,0,0,0,0,0,0,0,0,0,0,0,0,0,0,0,0,0,0,0,0,0,0,0,0,0,0,0,0,0,0,0,0,0,0,2,0,0,0,0,0,2.2465,0.271829,-2.06495,0,0,0,0,0,0,0,0,0,1.99112,0,0,0,0
3.9,0,0,0,0,0,0,2.67501,0.693596,3.09575,0.000234452,0.000104404,0.000157408,0.00109531,0.000417362,0.000678124,0,0,0,0,0,0,0,0,0,0,0,0,0,0,0,0,0,0,0,0,0,0,0,0,0,0,0,0,0,0,0,0,0,0,0,0,0,0,0,0,0.689604,0.542647,1.03085,5.55602e-05,9.28039e-05,9.65912e-05,0.000289864,0.00039488,0.000711674,0,0,0,0,0,0,0,0,0,0,0,0,0,0,0,0,0,0,0,0,0,0,0,0,0,0,0,0,0,0,0,0,0,0,0,0,0,0,0,0,0,0,0,0,0,0,0,0,0,0,0,0,2,0,0,0,0,0,2.2465,0.271829,-2.06495,0,0,0,0,0,0,0,0,0,1.99114,0,0,0,0
3.95,0,0,0,0,0,0,2.67501,0.693596,3.09575,0.000234452,0.000104404,0.000157408,0.00109531,0.000417362,0.000678124,0,0,0,0,0,0,0,0,0,0,0,0,0,0,0,0,0,0,0,0,0,0,0,0,0,0,0,0,0,0,0,0,0,0,0,0,0,0,0,0,0.689604,0.542647,1.03085,5.55602e-05,9.28039e-05,9.65912e-05,0.000289864,0.00039488,0.000711674,0,0,0,0,0,0,0,0,0,0,0,0,0,0,0,0,0,0,0,0,0,0,0,0,0,0,0,0,0,0,0,0,0,0,0,0,0,0,0,0,0,0,0,0,0,0,0,0,0,0,0,0,2,0,0,0,0,0,2.19398,0.214357,-2.00995,0,0,0,0,0,0,0,0,0,1.99114,0,0,0,0
4,0,0,0,0,0,0,2.67501,0.693577,3.09573,0,-0.000184899,-0.00023837,-2.26091e-05,-0.000770478,-0.00100885,0,0,0,0,0,0,0,0,0,0,0,0,0,0,0,0,0,0,0,0,0,0,0,0,0,0,0,0,0,0,0,0,0,0,0,0,0,0,0,0,0.6896,0.542637,1.03088,-4.21057e-05,-0.000100077,0.000313457,-0.000198944,-0.000405551,0.00149183,0,0,0,0,0,0,0,0,0,0,0,0,0,0,0,0,0,0,0,0,0,0,0,0,0,0,0,0,0,0,0,0,0,0,0,0,0,0,0,0,0,0,0,0,0,0,0,0,0,0,0,0,2,0,0,0,0,0,2.19398,0.214357,-2.00995,0,0,0,0,0,0,0,0,0,1.99114,0,0,0,0
4.05,0,0,0,0,0,0,2.67501,0.693577,3.09573,0,-0.000184899,-0.00023837,-2.26091e-05,-0.000770478,-0.00100885,0,0,0,0,0,0,0,0,0,0,0,0,0,0,0,0,0,0,0,0,0,0,0,0,0,0,0,0,0,0,0,0,0,0,0,0,0,0,0,0,0.6896,0.542637,1.03088,-4.21057e-05,-0.000100077,0.000313457,-0.000198944,-0.000405551,0.00149183,0,0,0,0,0,0,0,0,0,0,0,0,0,0,0,0,0,0,0,0,0,0,0,0,0,0,0,0,0,0,0,0,0,0,0,0,0,0,0,0,0,0,0,0,0,0,0,0,0,0,0,0,2,0,0,0,0,0,2.19398,0.214357,-2.00995,0,0,0,0,0,0,0,0,0,1.99114,0,0,0,0
4.1,0,0,0,0,0,0,2.67501,0.693593,3.09575,9.76808e-06,0.000156289,0.000269481,-0.00012594,0.000740045,0.00119532,0,0,0,0,0,0,0,0,0,0,0,0,0,0,0,0,0,0,0,0,0,0,0,0,0,0,0,0,0,0,0,0,0,0,0,0,0,0,0,0,0.689597,0.542648,1.03086,-2.93042e-05,0.000104396,-0.000288559,-0.000134442,0.000465221,-0.00140437,0,0,0,0,0,0,0,0,0,0,0,0,0,0,0,0,0,0,0,0,0,0,0,0,0,0,0,0,0,0,0,0,0,0,0,0,0,0,0,0,0,0,0,0,0,0,0,0,0,0,0,0,2,0,0,0,0,0,2.19398,0.214357,-2.00995,0,0,0,0,0,0,0,0,0,1.99115,0,0,0,0
4.15,0,0,0,0,0,0,2.67501,0.693593,3.09575,9.76808e-06,0.000156289,0.000269481,-0.00012594,0.000740045,0.00119532,0,0,0,0,0,0,0,0,0,0,0,0,0,0,0,0,0,0,0,0,0,0,0,0,0,0,0,0,0,0,0,0,0,0,0,0,0,0,0,0,0.689597,0.542648,1.03086,-2.93042e-05,0.000104396,-0.000288559,-0.000134442,0.000465221,-0.00140437,0,0,0,0,0,0,0,0,0,0,0,0,0,0,0,0,0,0,0,0,0,0,0,0,0,0,0,0,0,0,0,0,0,0,0,0,0,0,0,0,0,0,0,0,0,0,0,0,0,0,0,0,2,0,0,0,0,0,2.18923,0.209024,-2.00485,0,0,0,0,0,0,0,0,0,1.99115,0,0,0,0
4.2,0,0,0,0,0,0,2.675,0.693587,3.09576,-9.76605e-05,-5.61548e-05,3.09958e-05,-0.000518876,-0.000199892,6.34032e-05,0,0,0,0,0,0,0,0,0,0,0,0,0,0,0,0,0,0,0,0,0,0,0,0,0,0,0,0,0,0,0,0,0,0,0,0,0,0,0,0,0.689603,0.542644,1.03087,6.53106e-05,-3.35708e-05,0.000166901,0.000306033,-0.000154029,0.000584526,0,0,0,0,0,0,0,0,0,0,0,0,0,0,0,0,0,0,0,0,0,0,0,0,0,0,0,0,0,0,0,0,0,0,0,0,0,0,0,0,0,0,0,0,0,0,0,0,0,0,0,0,2,0,0,0,0,0,2.18923,0.209024,-2.00485,0,0,0,0,0,0,0,0,0,1.99113,0,0,0,0
4.25,0,0,0,0,0,0,2.675,0.693587,3.09576,-9.76605e-05,-5.61548e-05,3.09958e-05,-0.000518876,-0.000199892,6.34032e-05,0,0,0,0,0,0,0,0,0,0,0,0,0,0,0,0,0,0,0,0,0,0,0,0,0,0,0,0,0,0,0,0,0,0,0,0,0,0,0,0,0.689603,0.542644,1.03087,6.53106e-05,-3.35708e-05,0.000166901,0.000306033,-0.000154029,0.000584526,0,0,0,0,0,0,0,0,0,0,0,0,0,0,0,0,0,0,0,0,0,0,0,0,0,0,0,0,0,0,0,0,0,0,0,0,0,0,0,0,0,0,0,0,0,0,0,0,0,0,0,0,2,0,0,0,0,0,2.18923,0.209024,-2.00485,0,0,0,0,0,0,0,0,0,1.99113,0,0,0,0
4.3,0,0,0,0,0,0,2.67501,0.693578,3.09572,0.000102543,-8.66734e-05,-0.000350489,0.000435219,-0.000369215,-0.0016395,0,0,0,0,0,0,0,0,0,0,0,0,0,0,0,0,0,0,0,0,0,0,0,0,0,0,0,0,0,0,0,0,0,0,0,0,0,0,0,0,0.689606,0.542644,1.03086,2.74669e-05,-4.27263e-06,-0.000123983,9.21684e-05,-5.92528e-05,-0.000542072,0,0,0,0,0,0,0,0,0,0,0,0,0,0,0,0,0,0,0,0,0,0,0,0,0,0,0,0,0,0,0,0,0,0,0,0,0,0,0,0,0,0,0,0,0,0,0,0,0,0,0,0,2,0,0,0,0,0,2.18923,0.209024,-2.00485,0,0,0,0,0,0,0,0,0,1.99114,0,0,0,0
4.35,0,0,0,0,0,0,2.67501,0.693578,3.09572,0.000102543,-8.66734e-05,-0.000350489,0.000435219,-0.000369215,-0.0016395,0,0,0,0,0,0,0,0,0,0,0,0,0,0,0,0,0,0,0,0,0,0,0,0,0,0,0,0,0,0,0,0,0,0,0,0,0,0,0,0,0.689606,0.542644,1.03086,2.74669e-05,-4.27263e-06,-0.000123983,9.21684e-05,-5.92528e-05,-0.000542072,0,0,0,0,0,0,0,0,0,0,0,0,0,0,0,0,0,0,0,0,0,0,0,0,0,0,0,0,0,0,0,0,0,0,0,0,0,0,0,0,0,0,0,0,0,0,0,0,0,0,0,0,2,0,0,0,0,0,2.2464,0.271859,-2.06492,0,0,0,0,0,0,0,0,0,1.99114,0,0,0,0
4.4,0,0,0,0,0,0,2.675,0.693607,3.09576,-0.000163574,0.000283203,0.000340939,-0.000672883,0.00123333,0.00154787,0,0,0,0,0,0,0,0,0,0,0,0,0,0,0,0,0,0,0,0,0,0,0,0,0,0,0,0,0,0,0,0,0,0,0,0,0,0,0,0,0.689597,0.542651,1.03087,-9.39941e-05,6.89697e-05,5.48363e-05,-0.000458933,0.000269909,0.000236552,0,0,0,0,0,0,0,0,0,0,0,0,0,0,0,0,0,0,0,0,0,0,0,0,0,0,0,0,0,0,0,0,0,0,0,0,0,0,0,0,0,0,0,0,0,0,0,0,0,0,0,0,2,0,0,0,0,0,2.2464,0.271859,-2.06492,0,0,0,0,0,0,0,0,0,1.99113,0,0,0,0
4.45,0,0,0,0,0,0,2.675,0.693607,3.09576,-0.000163574,0.000283203,0.000340939,-0.000672883,0.00123333,0.00154787,0,0,0,0,0,0,0,0,0,0,0,0,0,0,0,0,0,0,0,0,0,0,0,0,0,0,0,0,0,0,0,0,0,0,0,0,0,0,0,0,0.689597,0.542651,1.03087,-9.39941e-05,6.89697e-05,5.48363e-05,-0.000458933,0.000269909,0.000236552,0,0,0,0,0,0,0,0,0,0,0,0,0,0,0,0,0,0,0,0,0,0,0,0,0,0,0,0,0,0,0,0,0,0,0,0,0,0,0,0,0,0,0,0,0,0,0,0,0,0,0,0,2,0,0,0,0,0,2.2464,0.271859,-2.06492,0,0,0,0,0,0,0,0,0,1.99113,0,0,0,0
4.5,0,0,0,0,0,0,2.675,0.693586,3.09575,2.1977e-05,-0.000206339,-7.15397e-05,0.000187423,-0.000998651,-0.000287371,0,0,0,0,0,0,0,0,0,0,0,0,0,0,0,0,0,0,0,0,0,0,0,0,0,0,0,0,0,0,0,0,0,0,0,0,0,0,0,0,0.689602,0.542637,1.03088,4.82274e-05,-0.000136135,0.000121618,0.00021813,-0.000612924,0.000514244,0,0,0,0,0,0,0,0,0,0,0,0,0,0,0,0,0,0,0,0,0,0,0,0,0,0,0,0,0,0,0,0,0,0,0,0,0,0,0,0,0,0,0,0,0,0,0,0,0,0,0,0,2,0,0,0,0,0,2.2464,0.271859,-2.06492,0,0,0,0,0,0,0,0,0,1.99113,0,0,0,0
4.55,0,0,0,0,0,0,2.675,0.693586,3.09575,2.1977e-05,-0.000206339,-7.15397e-05,0.000187423,-0.000998651,-0.000287371,0,0,0,0,0,0,0,0,0,0,0,0,0,0,0,0,0,0,0,0,0,0,0,0,0,0,0,0,0,0,0,0,0,0,0,0,0,0,0,0,0.689602,0.542637,1.03088,4.82274e-05,-0.000136135,0.000121618,0.00021813,-0.000612924,0.000514244,0,0,0,0,0,0,0,0,0,0,0,0,0,0,0,0,0,0,0,0,0,0,0,0,0,0,0,0,0,0,0,0,0,0,0,0,0,0,0,0,0,0,0,0,0,0,0,0,0,0,0,0,2,0,0,0,0,0,2.2464,0.271713,-2.06485,0,0,0,0,0,0,0,0,0,1.99113,0,0,0,0
4.6,0,0,0,0,0,0,2.675,0.693599,3.09576,3.90611e-05,0.00013,0.000128741,0.000297251,0.000442106,0.000379301,0,0,0,0,0,0,0,0,0,0,0,0,0,0,0,0,0,0,0,0,0,0,0,0,0,0,0,0,0,0,0,0,0,0,0,0,0,0,0,0,0.689599,0.54265,1.03086,-2.56338e-05,0.000131221,-0.000215761,-7.24945e-05,0.000580707,-0.00100166,0,0,0,0,0,0,0,0,0,0,0,0,0,0,0,0,0,0,0,0,0,0,0,0,0,0,0,0,0,0,0,0,0,0,0,0,0,0,0,0,0,0,0,0,0,0,0,0,0,0,0,0,2,0,0,0,0,0,2.2464,0.271713,-2.06485,0,0,0,0,0,0,0,0,0,1.99113,0,0,0,0
4.65,0,0,0,0,0,0,2.675,0.693599,3.09576,3.90611e-05,0.00013,0.000128741,0.000297251,0.000442106,0.000379301,0,0,0,0,0,0,0,0,0,0,0,0,0,0,0,0,0,0,0,0,0,0,0,0,0,0,0,0,0,0,0,0,0,0,0,0,0,0,0,0,0.689599,0.54265,1.03086,-2.56338e-05,0.000131221,-0.000215761,-7.24945e-05,0.000580707,-0.00100166,0,0,0,0,0,0,0,0,0,0,0,0,0,0,0,0,0,0,0,0,0,0,0,0,0,0,0,0,0,0,0,0,0,0,0,0,0,0,0,0,0,0,0,0,0,0,0,0,0,0,0,0,2,0,0,0,0,0,2.2464,0.271713,-2.06485,0,0,0,0,0,0,0,0,0,1.99113,0,0,0,0
4.7,0,0,0,0,0,0,2.675,0.693586,3.09571,-2.44217e-06,-0.00013493,-0.000515145,2.75101e-05,-0.000598106,-0.00225476,0,0,0,0,0,0,0,0,0,0,0,0,0,0,0,0,0,0,0,0,0,0,0,0,0,0,0,0,0,0,0,0,0,0,0,0,0,0,0,0,0.6896,0.542643,1.03084,6.71595e-06,-7.4486e-05,-0.000165752,4.63971e-05,-0.000311704,-0.000606749,0,0,0,0,0,0,0,0,0,0,0,0,0,0,0,0,0,0,0,0,0,0,0,0,0,0,0,0,0,0,0,0,0,0,0,0,0,0,0,0,0,0,0,0,0,0,0,0,0,0,0,0,2,0,0,0,0,0,2.2464,0.271713,-2.06485,0,0,0,0,0,0,0,0,0,1.99113,0,0,0,0
4.75,0,0,0,0,0,0,2.675,0.693586,3.09571,-2.44217e-06,-0.00013493,-0.000515145,2.75101e-05,-0.000598106,-0.00225476,0,0,0,0,0,0,0,0,0,0,0,0,0,0,0,0,0,0,0,0,0,0,0,0,0,0,0,0,0,0,0,0,0,0,0,0,0,0,0,0,0.6896,0.542643,1.03084,6.71595e-06,-7.4486e-05,-0.000165752,4.63971e-05,-0.000311704,-0.000606749,0,0,0,0,0,0,0,0,0,0,0,0,0,0,0,0,0,0,0,0,0,0,0,0,0,0,0,0,0,0,0,0,0,0,0,0,0,0,0,0,0,0,0,0,0,0,0,0,0,0,0,0,2,0,0,0,0,0,2.29595,0.32612,-2.11691,0,0,0,0,0,0,0,0,0,1.99113,0,0,0,0
4.8,0,0,0,0,0,0,2.675,0.693598,3.09576,-2.44131e-06,0.000128169,0.000500659,-1.99873e-05,0.000551241,0.00234808,0,0,0,0,0,0,0,0,0,0,0,0,0,0,0,0,0,0,0,0,0,0,0,0,0,0,0,0,0,0,0,0,0,0,0,0,0,0,0,0,0.689602,0.542639,1.03087,2.56337e-05,-3.47886e-05,0.000317084,0.000119548,-0.000149391,0.00161828,0,0,0,0,0,0,0,0,0,0,0,0,0,0,0,0,0,0,0,0,0,0,0,0,0,0,0,0,0,0,0,0,0,0,0,0,0,0,0,0,0,0,0,0,0,0,0,0,0,0,0,0,2,0,0,0,0,0,2.29595,0.32612,-2.11691,0,0,0,0,0,0,0,0,0,1.99113,0,0,0,0
4.85,0,0,0,0,0,0,2.675,0.693598,3.09576,-2.44131e-06,0.000128169,0.000500659,-1.99873e-05,0.000551241,0.00234808,0,0,0,0,0,0,0,0,0,0,0,0,0,0,0,0,0,0,0,0,0,0,0,0,0,0,0,0,0,0,0,0,0,0,0,0,0,0,0,0,0.689602,0.542639,1.03087,2.56337e-05,-3.47886e-05,0.000317084,0.000119548,-0.000149391,0.00161828,0,0,0,0,0,0,0,0,0,0,0,0,0,0,0,0,0,0,0,0,0,0,0,0,0,0,0,0,0,0,0,0,0,0,0,0,0,0,0,0,0,0,0,0,0,0,0,0,0,0,0,0,2,0,0,0,0,0,2.29595,0.32612,-2.11691,0,0,0,0,0,0,0,0,0,1.99113,0,0,0,0
4.9,0,0,0,0,0,0,2.675,0.693599,3.09575,-4.63473e-05,2.43933e-06,-9.52863e-05,-0.000193892,-1.58736e-05,-0.000348621,0,0,0,0,0,0,0,0,0,0,0,0,0,0,0,0,0,0,0,0,0,0,0,0,0,0,0,0,0,0,0,0,0,0,0,0,0,0,0,0,0.689607,0.542641,1.03086,4.81768e-05,1.64655e-05,-0.000145312,0.000171772,0.000137101,-0.000575022,0,0,0,0,0,0,0,0,0,0,0,0,0,0,0,0,0,0,0,0,0,0,0,0,0,0,0,0,0,0,0,0,0,0,0,0,0,0,0,0,0,0,0,0,0,0,0,0,0,0,0,0,2,0,0,0,0,0,2.29595,0.32612,-2.11691,0,0,0,0,0,0,0,0,0,1.99112,0,0,0,0
4.95,0,0,0,0,0,0,2.675,0.693599,3.09575,-4.63473e-05,2.43933e-06,-9.52863e-05,-0.000193892,-1.58736e-05,-0.000348621,0,0,0,0,0,0,0,0,0,0,0,0,0,0,0,0,0,0,0,0,0,0,0,0,0,0,0,0,0,0,0,0,0,0,0,0,0,0,0,0,0.689607,0.542641,1.03086,4.81768e-05,1.64655e-05,-0.000145312,0.000171772,0.000137101,-0.000575022,0,0,0,0,0,0,0,0,0,0,0,0,0,0,0,0,0,0,0,0,0,0,0,0,0,0,0,0,0,0,0,0,0,0,0,0,0,0,0,0,0,0,0,0,0,0,0,0,0,0,0,0,2,0,0,0,0,0,2.24839,0.274016,-2.06705,0,0,0,0,0,0,0,0,0,1.99112,0,0,0,0
